2 3 3 4 5 4 5 6 4 5 6 5 6 7 6 7 8 5 6 7 6 7 8 7 8 9 5
6 7 6 7 8 7 8 9 6 7 8 7 8 9 8 9 10 7 8 9 8 9 10 9 10 11 6
7 8 7 8 9 8 9 10 7 8 9 8 9 10 9 10 11 8 9 10 9 10 11 10 11 12 6
7 8 7 8 9 8 9 10 7 8 9 8 9 10 9 10 11 8 9 10 9 10 11 10 11 12 7
8 9 8 9 10 9 10 11 8 9 10 9 10 11 10 11 12 9 10 11 10 11 12 11 12 13 8
9 10 9 10 11 10 11 12 9 10 11 10 11 12 11 12 13 10 11 12 11 12 13 12 13 14 7
8 9 8 9 10 9 10 11 8 9 10 9 10 11 10 11 12 9 10 11 10 11 12 11 12 13 8
9 10 9 10 11 10 11 12 9 10 11 10 11 12 11 12 13 10 11 12 11 12 13 12 13 14 9
10 11 10 11 12 11 12 13 10 11 12 11 12 13 12 13 14 11 12 13 12 13 14 13 14 15 7
8 9 8 9 10 9 10 11 8 9 10 9 10 11 10 11 12 9 10 11 10 11 12 11 12 13 8
9 10 9 10 11 10 11 12 9 10 11 10 11 12 11 12 13 10 11 12 11 12 13 12 13 14 9
10 11 10 11 12 11 12 13 10 11 12 11 12 13 12 13 14 11 12 13 12 13 14 13 14 15 8
9 10 9 10 11 10 11 12 9 10 11 10 11 12 11 12 13 10 11 12 11 12 13 12 13 14 9
10 11 10 11 12 11 12 13 10 11 12 11 12 13 12 13 14 11 12 13 12 13 14 13 14 15 10
11 12 11 12 13 12 13 14 11 12 13 12 13 14 13 14 15 12 13 14 13 14 15 14 15 16 9
10 11 10 11 12 11 12 13 10 11 12 11 12 13 12 13 14 11 12 13 12 13 14 13 14 15 10
11 12 11 12 13 12 13 14 11 12 13 12 13 14 13 14 15 12 13 14 13 14 15 14 15 16 11
12 13 12 13 14 13 14 15 12 13 14 13 14 15 14 15 16 13 14 15 14 15 16 15 16 17 8
9 10 9 10 11 10 11 12 9 10 11 10 11 12 11 12 13 10 11 12 11 12 13 12 13 14 9
10 11 10 11 12 11 12 13 10 11 12 11 12 13 12 13 14 11 12 13 12 13 14 13 14 15 10
11 12 11 12 13 12 13 14 11 12 13 12 13 14 13 14 15 12 13 14 13 14 15 14 15 16 9
10 11 10 11 12 11 12 13 10 11 12 11 12 13 12 13 14 11 12 13 12 13 14 13 14 15 10
11 12 11 12 13 12 13 14 11 12 13 12 13 14 13 14 15 12 13 14 13 14 15 14 15 16 11
12 13 12 13 14 13 14 15 12 13 14 13 14 15 14 15 16 13 14 15 14 15 16 15 16 17 10
11 12 11 12 13 12 13 14 11 12 13 12 13 14 13 14 15 12 13 14 13 14 15 14 15 16 11
12 13 12 13 14 13 14 15 12 13 14 13 14 15 14 15 16 13 14 15 14 15 16 15 16 17 12
13 14 13 14 15 14 15 16 13 14 15 14 15 16 15 16 17 14 15 16 15 16 17 16 17 18 8
9 10 9 10 11 10 11 12 9 10 11 10 11 12 11 12 13 10 11 12 11 12 13 12 13 14 9
10 11 10 11 12 11 12 13 10 11 12 11 12 13 12 13 14 11 12 13 12 13 14 13 14 15 10
11 12 11 12 13 12 13 14 11 12 13 12 13 14 13 14 15 12 13 14 13 14 15 14 15 16 9
10 11 10 11 12 11 12 13 10 11 12 11 12 13 12 13 14 11 12 13 12 13 14 13 14 15 10
11 12 11 12 13 12 13 14 11 12 13 12 13 14 13 14 15 12 13 14 13 14 15 14 15 16 11
12 13 12 13 14 13 14 15 12 13 14 13 14 15 14 15 16 13 14 15 14 15 16 15 16 17 10
11 12 11 12 13 12 13 14 11 12 13 12 13 14 13 14 15 12 13 14 13 14 15 14 15 16 11
12 13 12 13 14 13 14 15 12 13 14 13 14 15 14 15 16 13 14 15 14 15 16 15 16 17 12
13 14 13 14 15 14 15 16 13 14 15 14 15 16 15 16 17 14 15 16 15 16 17 16 17 18 9
10 11 10 11 12 11 12 13 10 11 12 11 12 13 12 13 14 11 12 13 12 13 14 13 14 15 10
11 12 11 12 13 12 13 14 11 12 13 12 13 14 13 14 15 12 13 14 13 14 15 14 15 16 11
12 13 12 13 14 13 14 15 12 13 14 13 14 15 14 15 16 13 14 15 14 15 16 15 16 17 10
11 12 11 12 13 12 13 14 11 12 13 12 13 14 13 14 15 12 13 14 13 14 15 14 15 16 11
12 13 12 13 14 13 14 15 12 13 14 13 14 15 14 15 16 13 14 15 14 15 16 15 16 17 12
13 14 13 14 15 14 15 16 13 14 15 14 15 16 15 16 17 14 15 16 15 16 17 16 17 18 11
12 13 12 13 14 13 14 15 12 13 14 13 14 15 14 15 16 13 14 15 14 15 16 15 16 17 12
13 14 13 14 15 14 15 16 13 14 15 14 15 16 15 16 17 14 15 16 15 16 17 16 17 18 13
14 15 14 15 16 15 16 17 14 15 16 15 16 17 16 17 18 15 16 17 16 17 18 17 18 19 10
11 12 11 12 13 12 13 14 11 12 13 12 13 14 13 14 15 12 13 14 13 14 15 14 15 16 11
12 13 12 13 14 13 14 15 12 13 14 13 14 15 14 15 16 13 14 15 14 15 16 15 16 17 12
13 14 13 14 15 14 15 16 13 14 15 14 15 16 15 16 17 14 15 16 15 16 17 16 17 18 11
12 13 12 13 14 13 14 15 12 13 14 13 14 15 14 15 16 13 14 15 14 15 16 15 16 17 12
13 14 13 14 15 14 15 16 13 14 15 14 15 16 15 16 17 14 15 16 15 16 17 16 17 18 13
14 15 14 15 16 15 16 17 14 15 16 15 16 17 16 17 18 15 16 17 16 17 18 17 18 19 12
13 14 13 14 15 14 15 16 13 14 15 14 15 16 15 16 17 14 15 16 15 16 17 16 17 18 13
14 15 14 15 16 15 16 17 14 15 16 15 16 17 16 17 18 15 16 17 16 17 18 17 18 19 14
15 16 15 16 17 16 17 18 15 16 17 16 17 18 17 18 19 16 17 18 17 18 19 18 19 20 9
10 11 10 11 12 11 12 13 10 11 12 11 12 13 12 13 14 11 12 13 12 13 14 13 14 15 10
11 12 11 12 13 12 13 14 11 12 13 12 13 14 13 14 15 12 13 14 13 14 15 14 15 16 11
12 13 12 13 14 13 14 15 12 13 14 13 14 15 14 15 16 13 14 15 14 15 16 15 16 17 10
11 12 11 12 13 12 13 14 11 12 13 12 13 14 13 14 15 12 13 14 13 14 15 14 15 16 11
12 13 12 13 14 13 14 15 12 13 14 13 14 15 14 15 16 13 14 15 14 15 16 15 16 17 12
13 14 13 14 15 14 15 16 13 14 15 14 15 16 15 16 17 14 15 16 15 16 17 16 17 18 11
12 13 12 13 14 13 14 15 12 13 14 13 14 15 14 15 16 13 14 15 14 15 16 15 16 17 12
13 14 13 14 15 14 15 16 13 14 15 14 15 16 15 16 17 14 15 16 15 16 17 16 17 18 13
14 15 14 15 16 15 16 17 14 15 16 15 16 17 16 17 18 15 16 17 16 17 18 17 18 19 10
11 12 11 12 13 12 13 14 11 12 13 12 13 14 13 14 15 12 13 14 13 14 15 14 15 16 11
12 13 12 13 14 13 14 15 12 13 14 13 14 15 14 15 16 13 14 15 14 15 16 15 16 17 12
13 14 13 14 15 14 15 16 13 14 15 14 15 16 15 16 17 14 15 16 15 16 17 16 17 18 11
12 13 12 13 14 13 14 15 12 13 14 13 14 15 14 15 16 13 14 15 14 15 16 15 16 17 12
13 14 13 14 15 14 15 16 13 14 15 14 15 16 15 16 17 14 15 16 15 16 17 16 17 18 13
14 15 14 15 16 15 16 17 14 15 16 15 16 17 16 17 18 15 16 17 16 17 18 17 18 19 12
13 14 13 14 15 14 15 16 13 14 15 14 15 16 15 16 17 14 15 16 15 16 17 16 17 18 13
14 15 14 15 16 15 16 17 14 15 16 15 16 17 16 17 18 15 16 17 16 17 18 17 18 19 14
15 16 15 16 17 16 17 18 15 16 17 16 17 18 17 18 19 16 17 18 17 18 19 18 19 20 11
12 13 12 13 14 13 14 15 12 13 14 13 14 15 14 15 16 13 14 15 14 15 16 15 16 17 12
13 14 13 14 15 14 15 16 13 14 15 14 15 16 15 16 17 14 15 16 15 16 17 16 17 18 13
14 15 14 15 16 15 16 17 14 15 16 15 16 17 16 17 18 15 16 17 16 17 18 17 18 19 12
13 14 13 14 15 14 15 16 13 14 15 14 15 16 15 16 17 14 15 16 15 16 17 16 17 18 13
14 15 14 15 16 15 16 17 14 15 16 15 16 17 16 17 18 15 16 17 16 17 18 17 18 19 14
15 16 15 16 17 16 17 18 15 16 17 16 17 18 17 18 19 16 17 18 17 18 19 18 19 20 13
14 15 14 15 16 15 16 17 14 15 16 15 16 17 16 17 18 15 16 17 16 17 18 17 18 19 14
15 16 15 16 17 16 17 18 15 16 17 16 17 18 17 18 19 16 17 18 17 18 19 18 19 20 15
16 17 16 17 18 17 18 19 16 17 18 17 18 19 18 19 20 17 18 19 18 19 20 19 20 21 9
10 11 10 11 12 11 12 13 10 11 12 11 12 13 12 13 14 11 12 13 12 13 14 13 14 15 10
11 12 11 12 13 12 13 14 11 12 13 12 13 14 13 14 15 12 13 14 13 14 15 14 15 16 11
12 13 12 13 14 13 14 15 12 13 14 13 14 15 14 15 16 13 14 15 14 15 16 15 16 17 10
11 12 11 12 13 12 13 14 11 12 13 12 13 14 13 14 15 12 13 14 13 14 15 14 15 16 11
12 13 12 13 14 13 14 15 12 13 14 13 14 15 14 15 16 13 14 15 14 15 16 15 16 17 12
13 14 13 14 15 14 15 16 13 14 15 14 15 16 15 16 17 14 15 16 15 16 17 16 17 18 11
12 13 12 13 14 13 14 15 12 13 14 13 14 15 14 15 16 13 14 15 14 15 16 15 16 17 12
13 14 13 14 15 14 15 16 13 14 15 14 15 16 15 16 17 14 15 16 15 16 17 16 17 18 13
14 15 14 15 16 15 16 17 14 15 16 15 16 17 16 17 18 15 16 17 16 17 18 17 18 19 10
11 12 11 12 13 12 13 14 11 12 13 12 13 14 13 14 15 12 13 14 13 14 15 14 15 16 11
12 13 12 13 14 13 14 15 12 13 14 13 14 15 14 15 16 13 14 15 14 15 16 15 16 17 12
13 14 13 14 15 14 15 16 13 14 15 14 15 16 15 16 17 14 15 16 15 16 17 16 17 18 11
12 13 12 13 14 13 14 15 12 13 14 13 14 15 14 15 16 13 14 15 14 15 16 15 16 17 12
13 14 13 14 15 14 15 16 13 14 15 14 15 16 15 16 17 14 15 16 15 16 17 16 17 18 13
14 15 14 15 16 15 16 17 14 15 16 15 16 17 16 17 18 15 16 17 16 17 18 17 18 19 12
13 14 13 14 15 14 15 16 13 14 15 14 15 16 15 16 17 14 15 16 15 16 17 16 17 18 13
14 15 14 15 16 15 16 17 14 15 16 15 16 17 16 17 18 15 16 17 16 17 18 17 18 19 14
15 16 15 16 17 16 17 18 15 16 17 16 17 18 17 18 19 16 17 18 17 18 19 18 19 20 11
12 13 12 13 14 13 14 15 12 13 14 13 14 15 14 15 16 13 14 15 14 15 16 15 16 17 12
13 14 13 14 15 14 15 16 13 14 15 14 15 16 15 16 17 14 15 16 15 16 17 16 17 18 13
14 15 14 15 16 15 16 17 14 15 16 15 16 17 16 17 18 15 16 17 16 17 18 17 18 19 12
13 14 13 14 15 14 15 16 13 14 15 14 15 16 15 16 17 14 15 16 15 16 17 16 17 18 13
14 15 14 15 16 15 16 17 14 15 16 15 16 17 16 17 18 15 16 17 16 17 18 17 18 19 14
15 16 15 16 17 16 17 18 15 16 17 16 17 18 17 18 19 16 17 18 17 18 19 18 19 20 13
14 15 14 15 16 15 16 17 14 15 16 15 16 17 16 17 18 15 16 17 16 17 18 17 18 19 14
15 16 15 16 17 16 17 18 15 16 17 16 17 18 17 18 19 16 17 18 17 18 19 18 19 20 15
16 17 16 17 18 17 18 19 16 17 18 17 18 19 18 19 20 17 18 19 18 19 20 19 20 21 10
11 12 11 12 13 12 13 14 11 12 13 12 13 14 13 14 15 12 13 14 13 14 15 14 15 16 11
12 13 12 13 14 13 14 15 12 13 14 13 14 15 14 15 16 13 14 15 14 15 16 15 16 17 12
13 14 13 14 15 14 15 16 13 14 15 14 15 16 15 16 17 14 15 16 15 16 17 16 17 18 11
12 13 12 13 14 13 14 15 12 13 14 13 14 15 14 15 16 13 14 15 14 15 16 15 16 17 12
13 14 13 14 15 14 15 16 13 14 15 14 15 16 15 16 17 14 15 16 15 16 17 16 17 18 13
14 15 14 15 16 15 16 17 14 15 16 15 16 17 16 17 18 15 16 17 16 17 18 17 18 19 12
13 14 13 14 15 14 15 16 13 14 15 14 15 16 15 16 17 14 15 16 15 16 17 16 17 18 13
14 15 14 15 16 15 16 17 14 15 16 15 16 17 16 17 18 15 16 17 16 17 18 17 18 19 14
15 16 15 16 17 16 17 18 15 16 17 16 17 18 17 18 19 16 17 18 17 18 19 18 19 20 11
12 13 12 13 14 13 14 15 12 13 14 13 14 15 14 15 16 13 14 15 14 15 16 15 16 17 12
13 14 13 14 15 14 15 16 13 14 15 14 15 16 15 16 17 14 15 16 15 16 17 16 17 18 13
14 15 14 15 16 15 16 17 14 15 16 15 16 17 16 17 18 15 16 17 16 17 18 17 18 19 12
13 14 13 14 15 14 15 16 13 14 15 14 15 16 15 16 17 14 15 16 15 16 17 16 17 18 13
14 15 14 15 16 15 16 17 14 15 16 15 16 17 16 17 18 15 16 17 16 17 18 17 18 19 14
15 16 15 16 17 16 17 18 15 16 17 16 17 18 17 18 19 16 17 18 17 18 19 18 19 20 13
14 15 14 15 16 15 16 17 14 15 16 15 16 17 16 17 18 15 16 17 16 17 18 17 18 19 14
15 16 15 16 17 16 17 18 15 16 17 16 17 18 17 18 19 16 17 18 17 18 19 18 19 20 15
16 17 16 17 18 17 18 19 16 17 18 17 18 19 18 19 20 17 18 19 18 19 20 19 20 21 12
13 14 13 14 15 14 15 16 13 14 15 14 15 16 15 16 17 14 15 16 15 16 17 16 17 18 13
14 15 14 15 16 15 16 17 14 15 16 15 16 17 16 17 18 15 16 17 16 17 18 17 18 19 14
15 16 15 16 17 16 17 18 15 16 17 16 17 18 17 18 19 16 17 18 17 18 19 18 19 20 13
14 15 14 15 16 15 16 17 14 15 16 15 16 17 16 17 18 15 16 17 16 17 18 17 18 19 14
15 16 15 16 17 16 17 18 15 16 17 16 17 18 17 18 19 16 17 18 17 18 19 18 19 20 15
16 17 16 17 18 17 18 19 16 17 18 17 18 19 18 19 20 17 18 19 18 19 20 19 20 21 14
15 16 15 16 17 16 17 18 15 16 17 16 17 18 17 18 19 16 17 18 17 18 19 18 19 20 15
16 17 16 17 18 17 18 19 16 17 18 17 18 19 18 19 20 17 18 19 18 19 20 19 20 21 16
17 18 17 18 19 18 19 20 17 18 19 18 19 20 19 20 21 18 19 20 19 20 21 20 21 22 11
12 13 12 13 14 13 14 15 12 13 14 13 14 15 14 15 16 13 14 15 14 15 16 15 16 17 12
13 14 13 14 15 14 15 16 13 14 15 14 15 16 15 16 17 14 15 16 15 16 17 16 17 18 13
14 15 14 15 16 15 16 17 14 15 16 15 16 17 16 17 18 15 16 17 16 17 18 17 18 19 12
13 14 13 14 15 14 15 16 13 14 15 14 15 16 15 16 17 14 15 16 15 16 17 16 17 18 13
14 15 14 15 16 15 16 17 14 15 16 15 16 17 16 17 18 15 16 17 16 17 18 17 18 19 14
15 16 15 16 17 16 17 18 15 16 17 16 17 18 17 18 19 16 17 18 17 18 19 18 19 20 13
14 15 14 15 16 15 16 17 14 15 16 15 16 17 16 17 18 15 16 17 16 17 18 17 18 19 14
15 16 15 16 17 16 17 18 15 16 17 16 17 18 17 18 19 16 17 18 17 18 19 18 19 20 15
16 17 16 17 18 17 18 19 16 17 18 17 18 19 18 19 20 17 18 19 18 19 20 19 20 21 12
13 14 13 14 15 14 15 16 13 14 15 14 15 16 15 16 17 14 15 16 15 16 17 16 17 18 13
14 15 14 15 16 15 16 17 14 15 16 15 16 17 16 17 18 15 16 17 16 17 18 17 18 19 14
15 16 15 16 17 16 17 18 15 16 17 16 17 18 17 18 19 16 17 18 17 18 19 18 19 20 13
14 15 14 15 16 15 16 17 14 15 16 15 16 17 16 17 18 15 16 17 16 17 18 17 18 19 14
15 16 15 16 17 16 17 18 15 16 17 16 17 18 17 18 19 16 17 18 17 18 19 18 19 20 15
16 17 16 17 18 17 18 19 16 17 18 17 18 19 18 19 20 17 18 19 18 19 20 19 20 21 14
15 16 15 16 17 16 17 18 15 16 17 16 17 18 17 18 19 16 17 18 17 18 19 18 19 20 15
16 17 16 17 18 17 18 19 16 17 18 17 18 19 18 19 20 17 18 19 18 19 20 19 20 21 16
17 18 17 18 19 18 19 20 17 18 19 18 19 20 19 20 21 18 19 20 19 20 21 20 21 22 13
14 15 14 15 16 15 16 17 14 15 16 15 16 17 16 17 18 15 16 17 16 17 18 17 18 19 14
15 16 15 16 17 16 17 18 15 16 17 16 17 18 17 18 19 16 17 18 17 18 19 18 19 20 15
16 17 16 17 18 17 18 19 16 17 18 17 18 19 18 19 20 17 18 19 18 19 20 19 20 21 14
15 16 15 16 17 16 17 18 15 16 17 16 17 18 17 18 19 16 17 18 17 18 19 18 19 20 15
16 17 16 17 18 17 18 19 16 17 18 17 18 19 18 19 20 17 18 19 18 19 20 19 20 21 16
17 18 17 18 19 18 19 20 17 18 19 18 19 20 19 20 21 18 19 20 19 20 21 20 21 22 15
16 17 16 17 18 17 18 19 16 17 18 17 18 19 18 19 20 17 18 19 18 19 20 19 20 21 16
17 18 17 18 19 18 19 20 17 18 19 18 19 20 19 20 21 18 19 20 19 20 21 20 21 22 17
18 19 18 19 20 19 20 21 18 19 20 19 20 21 20 21 22 19 20 21 20 21 22 21 22 23 10
11 12 11 12 13 12 13 14 11 12 13 12 13 14 13 14 15 12 13 14 13 14 15 14 15 16 11
12 13 12 13 14 13 14 15 12 13 14 13 14 15 14 15 16 13 14 15 14 15 16 15 16 17 12
13 14 13 14 15 14 15 16 13 14 15 14 15 16 15 16 17 14 15 16 15 16 17 16 17 18 11
12 13 12 13 14 13 14 15 12 13 14 13 14 15 14 15 16 13 14 15 14 15 16 15 16 17 12
13 14 13 14 15 14 15 16 13 14 15 14 15 16 15 16 17 14 15 16 15 16 17 16 17 18 13
14 15 14 15 16 15 16 17 14 15 16 15 16 17 16 17 18 15 16 17 16 17 18 17 18 19 12
13 14 13 14 15 14 15 16 13 14 15 14 15 16 15 16 17 14 15 16 15 16 17 16 17 18 13
14 15 14 15 16 15 16 17 14 15 16 15 16 17 16 17 18 15 16 17 16 17 18 17 18 19 14
15 16 15 16 17 16 17 18 15 16 17 16 17 18 17 18 19 16 17 18 17 18 19 18 19 20 11
12 13 12 13 14 13 14 15 12 13 14 13 14 15 14 15 16 13 14 15 14 15 16 15 16 17 12
13 14 13 14 15 14 15 16 13 14 15 14 15 16 15 16 17 14 15 16 15 16 17 16 17 18 13
14 15 14 15 16 15 16 17 14 15 16 15 16 17 16 17 18 15 16 17 16 17 18 17 18 19 12
13 14 13 14 15 14 15 16 13 14 15 14 15 16 15 16 17 14 15 16 15 16 17 16 17 18 13
14 15 14 15 16 15 16 17 14 15 16 15 16 17 16 17 18 15 16 17 16 17 18 17 18 19 14
15 16 15 16 17 16 17 18 15 16 17 16 17 18 17 18 19 16 17 18 17 18 19 18 19 20 13
14 15 14 15 16 15 16 17 14 15 16 15 16 17 16 17 18 15 16 17 16 17 18 17 18 19 14
15 16 15 16 17 16 17 18 15 16 17 16 17 18 17 18 19 16 17 18 17 18 19 18 19 20 15
16 17 16 17 18 17 18 19 16 17 18 17 18 19 18 19 20 17 18 19 18 19 20 19 20 21 12
13 14 13 14 15 14 15 16 13 14 15 14 15 16 15 16 17 14 15 16 15 16 17 16 17 18 13
14 15 14 15 16 15 16 17 14 15 16 15 16 17 16 17 18 15 16 17 16 17 18 17 18 19 14
15 16 15 16 17 16 17 18 15 16 17 16 17 18 17 18 19 16 17 18 17 18 19 18 19 20 13
14 15 14 15 16 15 16 17 14 15 16 15 16 17 16 17 18 15 16 17 16 17 18 17 18 19 14
15 16 15 16 17 16 17 18 15 16 17 16 17 18 17 18 19 16 17 18 17 18 19 18 19 20 15
16 17 16 17 18 17 18 19 16 17 18 17 18 19 18 19 20 17 18 19 18 19 20 19 20 21 14
15 16 15 16 17 16 17 18 15 16 17 16 17 18 17 18 19 16 17 18 17 18 19 18 19 20 15
16 17 16 17 18 17 18 19 16 17 18 17 18 19 18 19 20 17 18 19 18 19 20 19 20 21 16
17 18 17 18 19 18 19 20 17 18 19 18 19 20 19 20 21 18 19 20 19 20 21 20 21 22 11
12 13 12 13 14 13 14 15 12 13 14 13 14 15 14 15 16 13 14 15 14 15 16 15 16 17 12
13 14 13 14 15 14 15 16 13 14 15 14 15 16 15 16 17 14 15 16 15 16 17 16 17 18 13
14 15 14 15 16 15 16 17 14 15 16 15 16 17 16 17 18 15 16 17 16 17 18 17 18 19 12
13 14 13 14 15 14 15 16 13 14 15 14 15 16 15 16 17 14 15 16 15 16 17 16 17 18 13
14 15 14 15 16 15 16 17 14 15 16 15 16 17 16 17 18 15 16 17 16 17 18 17 18 19 14
15 16 15 16 17 16 17 18 15 16 17 16 17 18 17 18 19 16 17 18 17 18 19 18 19 20 13
14 15 14 15 16 15 16 17 14 15 16 15 16 17 16 17 18 15 16 17 16 17 18 17 18 19 14
15 16 15 16 17 16 17 18 15 16 17 16 17 18 17 18 19 16 17 18 17 18 19 18 19 20 15
16 17 16 17 18 17 18 19 16 17 18 17 18 19 18 19 20 17 18 19 18 19 20 19 20 21 12
13 14 13 14 15 14 15 16 13 14 15 14 15 16 15 16 17 14 15 16 15 16 17 16 17 18 13
14 15 14 15 16 15 16 17 14 15 16 15 16 17 16 17 18 15 16 17 16 17 18 17 18 19 14
15 16 15 16 17 16 17 18 15 16 17 16 17 18 17 18 19 16 17 18 17 18 19 18 19 20 13
14 15 14 15 16 15 16 17 14 15 16 15 16 17 16 17 18 15 16 17 16 17 18 17 18 19 14
15 16 15 16 17 16 17 18 15 16 17 16 17 18 17 18 19 16 17 18 17 18 19 18 19 20 15
16 17 16 17 18 17 18 19 16 17 18 17 18 19 18 19 20 17 18 19 18 19 20 19 20 21 14
15 16 15 16 17 16 17 18 15 16 17 16 17 18 17 18 19 16 17 18 17 18 19 18 19 20 15
16 17 16 17 18 17 18 19 16 17 18 17 18 19 18 19 20 17 18 19 18 19 20 19 20 21 16
17 18 17 18 19 18 19 20 17 18 19 18 19 20 19 20 21 18 19 20 19 20 21 20 21 22 13
14 15 14 15 16 15 16 17 14 15 16 15 16 17 16 17 18 15 16 17 16 17 18 17 18 19 14
15 16 15 16 17 16 17 18 15 16 17 16 17 18 17 18 19 16 17 18 17 18 19 18 19 20 15
16 17 16 17 18 17 18 19 16 17 18 17 18 19 18 19 20 17 18 19 18 19 20 19 20 21 14
15 16 15 16 17 16 17 18 15 16 17 16 17 18 17 18 19 16 17 18 17 18 19 18 19 20 15
16 17 16 17 18 17 18 19 16 17 18 17 18 19 18 19 20 17 18 19 18 19 20 19 20 21 16
17 18 17 18 19 18 19 20 17 18 19 18 19 20 19 20 21 18 19 20 19 20 21 20 21 22 15
16 17 16 17 18 17 18 19 16 17 18 17 18 19 18 19 20 17 18 19 18 19 20 19 20 21 16
17 18 17 18 19 18 19 20 17 18 19 18 19 20 19 20 21 18 19 20 19 20 21 20 21 22 17
18 19 18 19 20 19 20 21 18 19 20 19 20 21 20 21 22 19 20 21 20 21 22 21 22 23 12
13 14 13 14 15 14 15 16 13 14 15 14 15 16 15 16 17 14 15 16 15 16 17 16 17 18 13
14 15 14 15 16 15 16 17 14 15 16 15 16 17 16 17 18 15 16 17 16 17 18 17 18 19 14
15 16 15 16 17 16 17 18 15 16 17 16 17 18 17 18 19 16 17 18 17 18 19 18 19 20 13
14 15 14 15 16 15 16 17 14 15 16 15 16 17 16 17 18 15 16 17 16 17 18 17 18 19 14
15 16 15 16 17 16 17 18 15 16 17 16 17 18 17 18 19 16 17 18 17 18 19 18 19 20 15
16 17 16 17 18 17 18 19 16 17 18 17 18 19 18 19 20 17 18 19 18 19 20 19 20 21 14
15 16 15 16 17 16 17 18 15 16 17 16 17 18 17 18 19 16 17 18 17 18 19 18 19 20 15
16 17 16 17 18 17 18 19 16 17 18 17 18 19 18 19 20 17 18 19 18 19 20 19 20 21 16
17 18 17 18 19 18 19 20 17 18 19 18 19 20 19 20 21 18 19 20 19 20 21 20 21 22 13
14 15 14 15 16 15 16 17 14 15 16 15 16 17 16 17 18 15 16 17 16 17 18 17 18 19 14
15 16 15 16 17 16 17 18 15 16 17 16 17 18 17 18 19 16 17 18 17 18 19 18 19 20 15
16 17 16 17 18 17 18 19 16 17 18 17 18 19 18 19 20 17 18 19 18 19 20 19 20 21 14
15 16 15 16 17 16 17 18 15 16 17 16 17 18 17 18 19 16 17 18 17 18 19 18 19 20 15
16 17 16 17 18 17 18 19 16 17 18 17 18 19 18 19 20 17 18 19 18 19 20 19 20 21 16
17 18 17 18 19 18 19 20 17 18 19 18 19 20 19 20 21 18 19 20 19 20 21 20 21 22 15
16 17 16 17 18 17 18 19 16 17 18 17 18 19 18 19 20 17 18 19 18 19 20 19 20 21 16
17 18 17 18 19 18 19 20 17 18 19 18 19 20 19 20 21 18 19 20 19 20 21 20 21 22 17
18 19 18 19 20 19 20 21 18 19 20 19 20 21 20 21 22 19 20 21 20 21 22 21 22 23 14
15 16 15 16 17 16 17 18 15 16 17 16 17 18 17 18 19 16 17 18 17 18 19 18 19 20 15
16 17 16 17 18 17 18 19 16 17 18 17 18 19 18 19 20 17 18 19 18 19 20 19 20 21 16
17 18 17 18 19 18 19 20 17 18 19 18 19 20 19 20 21 18 19 20 19 20 21 20 21 22 15
16 17 16 17 18 17 18 19 16 17 18 17 18 19 18 19 20 17 18 19 18 19 20 19 20 21 16
17 18 17 18 19 18 19 20 17 18 19 18 19 20 19 20 21 18 19 20 19 20 21 20 21 22 17
18 19 18 19 20 19 20 21 18 19 20 19 20 21 20 21 22 19 20 21 20 21 22 21 22 23 16
17 18 17 18 19 18 19 20 17 18 19 18 19 20 19 20 21 18 19 20 19 20 21 20 21 22 17
18 19 18 19 20 19 20 21 18 19 20 19 20 21 20 21 22 19 20 21 20 21 22 21 22 23 18
19 20 19 20 21 20 21 22 19 20 21 20 21 22 21 22 23 20 21 22 21 22 23 22 23 24 10
11 12 11 12 13 12 13 14 11 12 13 12 13 14 13 14 15 12 13 14 13 14 15 14 15 16 11
12 13 12 13 14 13 14 15 12 13 14 13 14 15 14 15 16 13 14 15 14 15 16 15 16 17 12
13 14 13 14 15 14 15 16 13 14 15 14 15 16 15 16 17 14 15 16 15 16 17 16 17 18 11
12 13 12 13 14 13 14 15 12 13 14 13 14 15 14 15 16 13 14 15 14 15 16 15 16 17 12
13 14 13 14 15 14 15 16 13 14 15 14 15 16 15 16 17 14 15 16 15 16 17 16 17 18 13
14 15 14 15 16 15 16 17 14 15 16 15 16 17 16 17 18 15 16 17 16 17 18 17 18 19 12
13 14 13 14 15 14 15 16 13 14 15 14 15 16 15 16 17 14 15 16 15 16 17 16 17 18 13
14 15 14 15 16 15 16 17 14 15 16 15 16 17 16 17 18 15 16 17 16 17 18 17 18 19 14
15 16 15 16 17 16 17 18 15 16 17 16 17 18 17 18 19 16 17 18 17 18 19 18 19 20 11
12 13 12 13 14 13 14 15 12 13 14 13 14 15 14 15 16 13 14 15 14 15 16 15 16 17 12
13 14 13 14 15 14 15 16 13 14 15 14 15 16 15 16 17 14 15 16 15 16 17 16 17 18 13
14 15 14 15 16 15 16 17 14 15 16 15 16 17 16 17 18 15 16 17 16 17 18 17 18 19 12
13 14 13 14 15 14 15 16 13 14 15 14 15 16 15 16 17 14 15 16 15 16 17 16 17 18 13
14 15 14 15 16 15 16 17 14 15 16 15 16 17 16 17 18 15 16 17 16 17 18 17 18 19 14
15 16 15 16 17 16 17 18 15 16 17 16 17 18 17 18 19 16 17 18 17 18 19 18 19 20 13
14 15 14 15 16 15 16 17 14 15 16 15 16 17 16 17 18 15 16 17 16 17 18 17 18 19 14
15 16 15 16 17 16 17 18 15 16 17 16 17 18 17 18 19 16 17 18 17 18 19 18 19 20 15
16 17 16 17 18 17 18 19 16 17 18 17 18 19 18 19 20 17 18 19 18 19 20 19 20 21 12
13 14 13 14 15 14 15 16 13 14 15 14 15 16 15 16 17 14 15 16 15 16 17 16 17 18 13
14 15 14 15 16 15 16 17 14 15 16 15 16 17 16 17 18 15 16 17 16 17 18 17 18 19 14
15 16 15 16 17 16 17 18 15 16 17 16 17 18 17 18 19 16 17 18 17 18 19 18 19 20 13
14 15 14 15 16 15 16 17 14 15 16 15 16 17 16 17 18 15 16 17 16 17 18 17 18 19 14
15 16 15 16 17 16 17 18 15 16 17 16 17 18 17 18 19 16 17 18 17 18 19 18 19 20 15
16 17 16 17 18 17 18 19 16 17 18 17 18 19 18 19 20 17 18 19 18 19 20 19 20 21 14
15 16 15 16 17 16 17 18 15 16 17 16 17 18 17 18 19 16 17 18 17 18 19 18 19 20 15
16 17 16 17 18 17 18 19 16 17 18 17 18 19 18 19 20 17 18 19 18 19 20 19 20 21 16
17 18 17 18 19 18 19 20 17 18 19 18 19 20 19 20 21 18 19 20 19 20 21 20 21 22 11
12 13 12 13 14 13 14 15 12 13 14 13 14 15 14 15 16 13 14 15 14 15 16 15 16 17 12
13 14 13 14 15 14 15 16 13 14 15 14 15 16 15 16 17 14 15 16 15 16 17 16 17 18 13
14 15 14 15 16 15 16 17 14 15 16 15 16 17 16 17 18 15 16 17 16 17 18 17 18 19 12
13 14 13 14 15 14 15 16 13 14 15 14 15 16 15 16 17 14 15 16 15 16 17 16 17 18 13
14 15 14 15 16 15 16 17 14 15 16 15 16 17 16 17 18 15 16 17 16 17 18 17 18 19 14
15 16 15 16 17 16 17 18 15 16 17 16 17 18 17 18 19 16 17 18 17 18 19 18 19 20 13
14 15 14 15 16 15 16 17 14 15 16 15 16 17 16 17 18 15 16 17 16 17 18 17 18 19 14
15 16 15 16 17 16 17 18 15 16 17 16 17 18 17 18 19 16 17 18 17 18 19 18 19 20 15
16 17 16 17 18 17 18 19 16 17 18 17 18 19 18 19 20 17 18 19 18 19 20 19 20 21 12
13 14 13 14 15 14 15 16 13 14 15 14 15 16 15 16 17 14 15 16 15 16 17 16 17 18 13
14 15 14 15 16 15 16 17 14 15 16 15 16 17 16 17 18 15 16 17 16 17 18 17 18 19 14
15 16 15 16 17 16 17 18 15 16 17 16 17 18 17 18 19 16 17 18 17 18 19 18 19 20 13
14 15 14 15 16 15 16 17 14 15 16 15 16 17 16 17 18 15 16 17 16 17 18 17 18 19 14
15 16 15 16 17 16 17 18 15 16 17 16 17 18 17 18 19 16 17 18 17 18 19 18 19 20 15
16 17 16 17 18 17 18 19 16 17 18 17 18 19 18 19 20 17 18 19 18 19 20 19 20 21 14
15 16 15 16 17 16 17 18 15 16 17 16 17 18 17 18 19 16 17 18 17 18 19 18 19 20 15
16 17 16 17 18 17 18 19 16 17 18 17 18 19 18 19 20 17 18 19 18 19 20 19 20 21 16
17 18 17 18 19 18 19 20 17 18 19 18 19 20 19 20 21 18 19 20 19 20 21 20 21 22 13
14 15 14 15 16 15 16 17 14 15 16 15 16 17 16 17 18 15 16 17 16 17 18 17 18 19 14
15 16 15 16 17 16 17 18 15 16 17 16 17 18 17 18 19 16 17 18 17 18 19 18 19 20 15
16 17 16 17 18 17 18 19 16 17 18 17 18 19 18 19 20 17 18 19 18 19 20 19 20 21 14
15 16 15 16 17 16 17 18 15 16 17 16 17 18 17 18 19 16 17 18 17 18 19 18 19 20 15
16 17 16 17 18 17 18 19 16 17 18 17 18 19 18 19 20 17 18 19 18 19 20 19 20 21 16
17 18 17 18 19 18 19 20 17 18 19 18 19 20 19 20 21 18 19 20 19 20 21 20 21 22 15
16 17 16 17 18 17 18 19 16 17 18 17 18 19 18 19 20 17 18 19 18 19 20 19 20 21 16
17 18 17 18 19 18 19 20 17 18 19 18 19 20 19 20 21 18 19 20 19 20 21 20 21 22 17
18 19 18 19 20 19 20 21 18 19 20 19 20 21 20 21 22 19 20 21 20 21 22 21 22 23 12
13 14 13 14 15 14 15 16 13 14 15 14 15 16 15 16 17 14 15 16 15 16 17 16 17 18 13
14 15 14 15 16 15 16 17 14 15 16 15 16 17 16 17 18 15 16 17 16 17 18 17 18 19 14
15 16 15 16 17 16 17 18 15 16 17 16 17 18 17 18 19 16 17 18 17 18 19 18 19 20 13
14 15 14 15 16 15 16 17 14 15 16 15 16 17 16 17 18 15 16 17 16 17 18 17 18 19 14
15 16 15 16 17 16 17 18 15 16 17 16 17 18 17 18 19 16 17 18 17 18 19 18 19 20 15
16 17 16 17 18 17 18 19 16 17 18 17 18 19 18 19 20 17 18 19 18 19 20 19 20 21 14
15 16 15 16 17 16 17 18 15 16 17 16 17 18 17 18 19 16 17 18 17 18 19 18 19 20 15
16 17 16 17 18 17 18 19 16 17 18 17 18 19 18 19 20 17 18 19 18 19 20 19 20 21 16
17 18 17 18 19 18 19 20 17 18 19 18 19 20 19 20 21 18 19 20 19 20 21 20 21 22 13
14 15 14 15 16 15 16 17 14 15 16 15 16 17 16 17 18 15 16 17 16 17 18 17 18 19 14
15 16 15 16 17 16 17 18 15 16 17 16 17 18 17 18 19 16 17 18 17 18 19 18 19 20 15
16 17 16 17 18 17 18 19 16 17 18 17 18 19 18 19 20 17 18 19 18 19 20 19 20 21 14
15 16 15 16 17 16 17 18 15 16 17 16 17 18 17 18 19 16 17 18 17 18 19 18 19 20 15
16 17 16 17 18 17 18 19 16 17 18 17 18 19 18 19 20 17 18 19 18 19 20 19 20 21 16
17 18 17 18 19 18 19 20 17 18 19 18 19 20 19 20 21 18 19 20 19 20 21 20 21 22 15
16 17 16 17 18 17 18 19 16 17 18 17 18 19 18 19 20 17 18 19 18 19 20 19 20 21 16
17 18 17 18 19 18 19 20 17 18 19 18 19 20 19 20 21 18 19 20 19 20 21 20 21 22 17
18 19 18 19 20 19 20 21 18 19 20 19 20 21 20 21 22 19 20 21 20 21 22 21 22 23 14
15 16 15 16 17 16 17 18 15 16 17 16 17 18 17 18 19 16 17 18 17 18 19 18 19 20 15
16 17 16 17 18 17 18 19 16 17 18 17 18 19 18 19 20 17 18 19 18 19 20 19 20 21 16
17 18 17 18 19 18 19 20 17 18 19 18 19 20 19 20 21 18 19 20 19 20 21 20 21 22 15
16 17 16 17 18 17 18 19 16 17 18 17 18 19 18 19 20 17 18 19 18 19 20 19 20 21 16
17 18 17 18 19 18 19 20 17 18 19 18 19 20 19 20 21 18 19 20 19 20 21 20 21 22 17
18 19 18 19 20 19 20 21 18 19 20 19 20 21 20 21 22 19 20 21 20 21 22 21 22 23 16
17 18 17 18 19 18 19 20 17 18 19 18 19 20 19 20 21 18 19 20 19 20 21 20 21 22 17
18 19 18 19 20 19 20 21 18 19 20 19 20 21 20 21 22 19 20 21 20 21 22 21 22 23 18
19 20 19 20 21 20 21 22 19 20 21 20 21 22 21 22 23 20 21 22 21 22 23 22 23 24 11
12 13 12 13 14 13 14 15 12 13 14 13 14 15 14 15 16 13 14 15 14 15 16 15 16 17 12
13 14 13 14 15 14 15 16 13 14 15 14 15 16 15 16 17 14 15 16 15 16 17 16 17 18 13
14 15 14 15 16 15 16 17 14 15 16 15 16 17 16 17 18 15 16 17 16 17 18 17 18 19 12
13 14 13 14 15 14 15 16 13 14 15 14 15 16 15 16 17 14 15 16 15 16 17 16 17 18 13
14 15 14 15 16 15 16 17 14 15 16 15 16 17 16 17 18 15 16 17 16 17 18 17 18 19 14
15 16 15 16 17 16 17 18 15 16 17 16 17 18 17 18 19 16 17 18 17 18 19 18 19 20 13
14 15 14 15 16 15 16 17 14 15 16 15 16 17 16 17 18 15 16 17 16 17 18 17 18 19 14
15 16 15 16 17 16 17 18 15 16 17 16 17 18 17 18 19 16 17 18 17 18 19 18 19 20 15
16 17 16 17 18 17 18 19 16 17 18 17 18 19 18 19 20 17 18 19 18 19 20 19 20 21 12
13 14 13 14 15 14 15 16 13 14 15 14 15 16 15 16 17 14 15 16 15 16 17 16 17 18 13
14 15 14 15 16 15 16 17 14 15 16 15 16 17 16 17 18 15 16 17 16 17 18 17 18 19 14
15 16 15 16 17 16 17 18 15 16 17 16 17 18 17 18 19 16 17 18 17 18 19 18 19 20 13
14 15 14 15 16 15 16 17 14 15 16 15 16 17 16 17 18 15 16 17 16 17 18 17 18 19 14
15 16 15 16 17 16 17 18 15 16 17 16 17 18 17 18 19 16 17 18 17 18 19 18 19 20 15
16 17 16 17 18 17 18 19 16 17 18 17 18 19 18 19 20 17 18 19 18 19 20 19 20 21 14
15 16 15 16 17 16 17 18 15 16 17 16 17 18 17 18 19 16 17 18 17 18 19 18 19 20 15
16 17 16 17 18 17 18 19 16 17 18 17 18 19 18 19 20 17 18 19 18 19 20 19 20 21 16
17 18 17 18 19 18 19 20 17 18 19 18 19 20 19 20 21 18 19 20 19 20 21 20 21 22 13
14 15 14 15 16 15 16 17 14 15 16 15 16 17 16 17 18 15 16 17 16 17 18 17 18 19 14
15 16 15 16 17 16 17 18 15 16 17 16 17 18 17 18 19 16 17 18 17 18 19 18 19 20 15
16 17 16 17 18 17 18 19 16 17 18 17 18 19 18 19 20 17 18 19 18 19 20 19 20 21 14
15 16 15 16 17 16 17 18 15 16 17 16 17 18 17 18 19 16 17 18 17 18 19 18 19 20 15
16 17 16 17 18 17 18 19 16 17 18 17 18 19 18 19 20 17 18 19 18 19 20 19 20 21 16
17 18 17 18 19 18 19 20 17 18 19 18 19 20 19 20 21 18 19 20 19 20 21 20 21 22 15
16 17 16 17 18 17 18 19 16 17 18 17 18 19 18 19 20 17 18 19 18 19 20 19 20 21 16
17 18 17 18 19 18 19 20 17 18 19 18 19 20 19 20 21 18 19 20 19 20 21 20 21 22 17
18 19 18 19 20 19 20 21 18 19 20 19 20 21 20 21 22 19 20 21 20 21 22 21 22 23 12
13 14 13 14 15 14 15 16 13 14 15 14 15 16 15 16 17 14 15 16 15 16 17 16 17 18 13
14 15 14 15 16 15 16 17 14 15 16 15 16 17 16 17 18 15 16 17 16 17 18 17 18 19 14
15 16 15 16 17 16 17 18 15 16 17 16 17 18 17 18 19 16 17 18 17 18 19 18 19 20 13
14 15 14 15 16 15 16 17 14 15 16 15 16 17 16 17 18 15 16 17 16 17 18 17 18 19 14
15 16 15 16 17 16 17 18 15 16 17 16 17 18 17 18 19 16 17 18 17 18 19 18 19 20 15
16 17 16 17 18 17 18 19 16 17 18 17 18 19 18 19 20 17 18 19 18 19 20 19 20 21 14
15 16 15 16 17 16 17 18 15 16 17 16 17 18 17 18 19 16 17 18 17 18 19 18 19 20 15
16 17 16 17 18 17 18 19 16 17 18 17 18 19 18 19 20 17 18 19 18 19 20 19 20 21 16
17 18 17 18 19 18 19 20 17 18 19 18 19 20 19 20 21 18 19 20 19 20 21 20 21 22 13
14 15 14 15 16 15 16 17 14 15 16 15 16 17 16 17 18 15 16 17 16 17 18 17 18 19 14
15 16 15 16 17 16 17 18 15 16 17 16 17 18 17 18 19 16 17 18 17 18 19 18 19 20 15
16 17 16 17 18 17 18 19 16 17 18 17 18 19 18 19 20 17 18 19 18 19 20 19 20 21 14
15 16 15 16 17 16 17 18 15 16 17 16 17 18 17 18 19 16 17 18 17 18 19 18 19 20 15
16 17 16 17 18 17 18 19 16 17 18 17 18 19 18 19 20 17 18 19 18 19 20 19 20 21 16
17 18 17 18 19 18 19 20 17 18 19 18 19 20 19 20 21 18 19 20 19 20 21 20 21 22 15
16 17 16 17 18 17 18 19 16 17 18 17 18 19 18 19 20 17 18 19 18 19 20 19 20 21 16
17 18 17 18 19 18 19 20 17 18 19 18 19 20 19 20 21 18 19 20 19 20 21 20 21 22 17
18 19 18 19 20 19 20 21 18 19 20 19 20 21 20 21 22 19 20 21 20 21 22 21 22 23 14
15 16 15 16 17 16 17 18 15 16 17 16 17 18 17 18 19 16 17 18 17 18 19 18 19 20 15
16 17 16 17 18 17 18 19 16 17 