666
5
712513005 885940817
737563254 626098447
515491399 330870681
64559144 80761146
913611166 508161038
9
250788978 316629283
955216523 440636890
608305590 802076382
829027447 966793693
287106440 571264070
308694251 298201841
701583488 444686050
219298562 691833288
424892129 248204740
6
131284237 566693013
121019987 124449898
205233884 868328383
946432281 317122136
441113646 226306018
948711845 869059704
4
594181191 668841860
413222863 519437414
221059402 892560069
423098844 612671115
6
545358037 1439822
721038440 713544606
879975384 929629387
458218202 317748705
350958845 343638176
109104704 982669008
2
599044628 626340914
72833408 925615429
6
185116491 759458201
967375321 433179825
494936329 785599292
300416550 981290450
710493625 707691483
51929662 686157562
3
424304099 918676808
571279734 334467386
66013899 848612857
8
955438208 239551167
1136433 702441213
125619670 86427179
926900995 737085891
668492181 923443129
357278343 775884746
56624789 45612842
265812534 238532047
8
638322606 482730092
87075876 260388241
696983932 11023152
714179670 654939790
667990351 663296129
464363467 481896153
496211104 212607988
929597767 380580314
5
999395805 20871622
796555138 377607401
452708500 636376972
118710137 712756335
826185123 645460433
6
335263371 378008896
362339508 83385680
673902497 972900372
20923793 549299224
304176123 833148025
842109575 843835254
10
310578262 412229234
237529262 981166973
466139538 458493546
501949252 892979999
359070188 723020803
601561139 983082407
149962059 745485854
901295588 11919197
353734122 859837446
417416405 605282307
9
65362192 87523219
401236156 796374335
386904672 459554483
557681646 779531508
649326367 603436145
834135906 250820222
286428997 451309942
976375421 244767012
765572547 306440521
7
916284238 487321263
368918654 768455133
40698830 397852877
642654173 940473572
741559852 471966091
674971798 899968219
291709692 437280359
9
181383826 389927506
439432340 229823180
913567307 194486532
941926680 919734804
85735592 582412302
671144834 631741417
524860694 937014413
333239361 86493380
660338991 683371246
2
614102507 209474652
39890903 658282381
5
626219168 415997409
285215546 748920366
491289989 311116472
566882769 995729059
468181623 186375186
3
481736443 26260916
534778870 118398718
179622997 875610274
4
860146020 917009527
273342004 593149352
58216332 869605620
303046801 202020739
10
697521569 369393824
55616131 26807680
104086776 905620586
318702567 504552606
330987669 80026543
918963118 60568380
888652500 110551732
10456022 914785880
44826945 930962785
18336239 154925332
6
651772913 596467972
399991984 222446032
210474958 150001092
352817382 221343004
864071411 695405604
608337475 15903993
7
223024238 446945510
495225040 10749798
721505816 198659254
246524368 937430152
688060614 927017473
569803399 33362387
797531489 666925091
9
232513508 824144059
474582094 556098445
25829960 221665916
439284773 447642921
643047663 6014407
258783892 966166149
199990568 705569252
504388459 863956783
742174204 229452776
2
270308882 519594089
87631777 442318006
4
790292853 203473106
254715842 674792756
317591025 160612331
46571237 436206076
10
223539678 789160063
924337005 291642757
313263852 271389860
686135482 862311183
663207857 709816674
137234848 798608332
384187918 230353380
833862449 976440353
524948806 653044133
318583738 909897043
7
624914398 379897054
147461075 325055927
989549665 704581656
604578643 279031899
362942048 858459014
846269780 577277518
764358990 471402659
10
4364999 494536765
694158119 995759620
189528304 51549175
757250500 35577834
904745598 83764026
932533908 778175934
533413574 296550608
588151000 647932218
650659612 974515818
575058427 817523337
8
717135324 24989847
372065792 652981667
880824171 753294190
212555569 531503978
145774730 289062521
805882735 463266140
9234213 16943602
770556411 173119535
2
149196002 667649210
492657025 341582396
5
183372038 721688386
770563228 581247563
935070220 89794809
647147617 843638441
445430620 457261064
10
680736527 292798275
167617456 765981608
132506518 598381906
717589840 354674723
442990380 773408304
506423872 296001243
662391197 696083299
377869035 494713094
877696405 745494863
238807423 876698028
8
149475973 404906997
454143149 819536386
34607731 638386343
403239799 542122887
644941540 569748359
329864635 955797364
574423706 873579845
94572302 258055731
4
34285282 119000442
231227362 570571957
584274513 758029405
826712164 90605766
11
14006286 582682534
701820175 287962312
233644903 650375364
512110269 146652322
337645378 183181283
35402033 477541787
146548740 341780264
236962843 139366630
296765362 754110186
299345298 625818553
508012980 747076977
9
982405506 957785090
534910284 554214173
965880620 514022110
221671432 360977864
3073124 208248805
885583870 558467118
796164806 498659969
213831148 356283234
533820594 978778127
11
326527246 213982404
473513960 70429034
38220358 892558073
329769069 104616291
263521172 637438784
664509058 388535149
536216439 960089242
713043080 308189379
291731257 390937916
890460661 484511260
403339689 452501268
5
154736294 832891998
960939322 741233700
592335038 844102782
643740057 553233977
239643077 103625151
7
906729120 485333506
864700685 917285196
195549013 106592944
359172336 46066021
150547651 766501320
283183372 935946376
489116053 197830480
11
698025698 433535217
713649335 934736485
841273532 306243988
777937206 313947630
242086441 989898125
540379653 693617496
394128009 481604098
588301 412030416
183738070 674651045
743149311 319647918
849250519 289391246
7
851622227 484871545
982732710 295445304
870704008 878460543
886138347 957073829
136735966 98564802
604749174 430520478
433768934 155981719
2
980292661 674095076
856485879 644297902
3
370018435 324139667
959732519 756781700
877062461 17785512
2
736158882 834432661
719736457 225538971
11
249476288 152205331
422678856 38391659
603833368 867680305
257754466 333970343
603976569 179387266
340012425 214987288
723610428 789864298
826596625 392425659
997428903 608105856
759015140 112519602
787392555 404868425
8
605625878 252858790
708696696 923466274
333665081 158976892
861141615 513541368
877097098 684330929
117520000 80500016
613888911 634765501
755121427 555897443
9
733237133 942011336
957971809 190963225
256991448 270967379
690594852 56840110
717960356 814803221
826862109 141934635
462258503 658083694
147751503 103920194
563677433 88016117
3
845501619 209959134
112189284 531828115
607118834 878014047
7
231830067 120127886
317512652 386197363
366398465 157020086
299286483 350679565
869269084 9718003
6016708 652477990
847119767 412792708
6
937254198 356776157
307854954 9223403
709426101 667442021
5528581 6366474
207188698 503213565
727820424 461341181
8
241802811 693228898
597120784 680921648
388083046 502848679
377144180 38696337
792075938 814013747
210799105 872666471
505917900 161639702
8672720 375592886
5
34756154 955713603
735935204 688239610
818671753 510967648
525568474 946639150
25680178 49308973
11
815045413 447775689
759108563 414241938
344065824 869149476
462939272 829856849
759348169 155227398
172999753 751414810
708194227 456693757
624056168 469206888
775828435 101881957
178053278 275873188
862631321 951496715
11
349392691 164128301
67546169 338183512
235532581 460192405
270338064 394333162
600757400 492665148
808982933 386973539
273207675 938198040
271055109 20118718
748293586 402388934
153378484 255222543
477852447 314711859
9
851214217 283045610
851118797 690223095
829626697 727020989
372327635 698650587
702803109 608592275
145882419 895353176
417207375 479019828
689273545 317967886
631706075 982210854
2
993504233 524621511
772952381 809164614
10
384603503 222730743
28096223 950269110
232936224 343229744
558714827 46722482
788134760 250573180
550665910 851064340
412442316 528425133
327813030 916378718
407630955 97025323
292396448 846862778
5
140433896 288044900
134535111 388723621
803300032 505646845
671572944 829523342
197823255 403773653
9
169711898 960011976
824290917 594623661
433557216 868373131
286591354 456489304
567726064 439008696
193323685 831946744
172221610 244261824
693933982 769311699
599043975 40118683
3
377154677 656378633
237105425 961702519
760354561 551975801
3
845386616 442766112
762728742 544430787
471521313 827596721
8
628478143 391001201
969281724 206429798
966879638 598123732
704463750 222112833
660686992 868116809
517879607 165489078
596019080 141867221
488697876 380884597
3
754018220 301920929
31391480 124200481
324175436 376555451
3
187448893 920528585
209795832 952539874
120991026 4705316
3
698770970 499951283
969421662 775094631
600257493 45950650
8
990853980 650325386
940593010 86917266
892524067 940154968
545644395 779675416
163651748 115766105
370680777 349068494
896041033 667466524
96430630 998849567
3
219179327 914492960
494448572 185684314
995468010 275704349
2
899528857 581792398
520751298 776300340
10
703844597 620748475
813449410 509313887
881845438 969571597
309319190 19583934
634248725 353491847
655121755 894925409
304417031 183038473
612418516 919782147
239611321 841247124
106368568 549014712
5
981598527 762359374
460108385 434055959
812124683 684937297
774930299 548784957
126204106 331277258
7
523187931 351698227
6269603 294219751
466490972 126008250
853945589 182728737
479376722 472037443
377214290 55035971
526238121 359153427
3
986078964 400920088
297407395 489010089
387972974 195361523
11
571926957 33168356
768192105 973999260
612888591 397870783
797606238 135311547
172644475 300415011
257705805 805913880
772588677 762561555
409750898 982704163
751433451 386397437
114576685 608371428
90948975 615337363
11
590149027 119155457
697159040 174710559
412138786 300935028
724149772 732040150
526926172 722039610
506376288 910001179
436100626 530559896
157809112 640486004
470352755 329568456
541002246 400626582
991224761 540436601
3
702362393 73266993
903354530 646889638
307181119 128211943
5
782324723 998048068
89575302 963366136
218467126 111869749
617347276 472921997
439834203 722579452
5
317535494 630296240
435574758 893315323
296974804 746780402
138123406 497300350
679498952 295160372
6
253114371 87491976
869738985 459888655
44753597 260520698
212887192 666701865
172724692 486830557
407701657 652717528
11
667488434 579908541
208169671 554750646
333661344 488915218
163930391 336049062
539469847 800975761
947153416 54517453
600725285 353627972
202195157 275294383
39812719 579385236
206936134 797074453
842701888 191924612
7
523269690 48628596
862174895 820922083
639914252 286190273
484732373 980331859
313987964 817808912
742843558 979901846
960961200 840387752
6
107313765 238027250
451491387 677437013
494463984 615655226
206021594 199084380
869247425 177544615
391994136 631339558
3
145646168 123314084
429988610 64628827
461217118 444565850
10
942094384 237278397
7710609 36372425
859005992 551069307
458592552 154314545
392443214 153075119
731404232 208247990
653007972 635589683
307582051 297331633
773307910 556525424
951442779 490160337
4
993183380 943736105
759959463 231846631
393891787 757530272
717344483 44227107
3
847078369 672941077
345303461 103602440
698624950 696421926
7
604612000 930812813
657089238 463193072
941511120 328014382
740782875 648112987
129224126 100324732
138843169 647108411
61323130 172423676
7
269185664 604943169
63445687 742948190
988822870 214291076
133684658 882561134
227589040 819339594
816391772 593206135
252636202 797122838
9
762426549 840600803
409176460 277560699
870027429 900092561
699473813 541617774
419836562 803243946
655255152 821588311
814172317 493970545
14087229 730653333
63005817 236097482
9
622618601 597684174
729147005 447588466
681773234 419704140
945779075 466271632
227327606 145748010
392771916 626299313
402503798 872422397
643252942 514370556
174734284 674586896
5
933261304 928318304
21474660 345036557
284944863 486386802
92432021 155414280
219454983 666568585
9
787991645 710687242
349077581 534440436
157076698 391969612
386724628 317535671
573381286 632158050
475324497 766142787
659505790 356369166
551890126 780862601
114712225 520127653
6
750822017 419283022
522934156 146472314
230707240 167454844
131173859 82946465
349764689 961546078
886848087 708552295
4
136015576 762518095
590621554 152465008
797193474 809235444
623407950 930262502
7
470423871 424203794
26935936 609019767
702641957 225449634
481071501 537424566
381063808 904746845
568516358 493801855
835565075 721638458
6
181194435 676729608
808973860 156047663
321621291 745046120
97961997 768854246
235450470 446651699
649864419 304401930
2
259452954 154919984
101980794 894429338
3
503364414 543716292
812131320 780868329
664318766 184066545
6
496583566 822568348
306560646 727110504
704203345 748155302
77546270 200747369
513393335 842293354
666976861 202536055
3
86364120 351721085
558870271 78187419
851239828 921919682
8
547035697 717279591
451842258 662006399
43575290 229954465
222379229 595559244
955459563 445492838
652434824 275962409
45089337 13744309
148215611 537858560
6
204693212 321791652
418728436 289322611
198660483 85325848
362864175 841170117
627985159 988715171
580592690 147221177
8
137670738 8642968
921327251 811632634
759106430 419546675
436069156 266154409
545332189 774718652
364272633 452909829
671104014 391859223
588683845 505486677
8
919169599 611453943
411672357 544395520
685159473 491104405
897152452 481090295
33382451 955656743
142324799 308735505
142108957 705975048
436475825 82931965
5
249782697 780237643
812898917 846868062
340674956 912334819
969122361 29002257
426306942 317117787
2
675450338 285706151
450867097 189643081
9
828009921 763151183
686135813 15994291
347895833 574682442
612702377 435867308
232883038 363328507
513536197 737208671
566137973 532881890
678772290 653883360
743383014 453428595
5
516227515 365291537
181493601 262483341
677074432 460676534
417620302 656695900
450325338 765285422
10
472943334 783441909
849809676 321817257
487100832 983168643
959515261 887369723
716837217 41968006
121556977 589682772
732358611 62663044
400687376 457164399
280043548 47041228
637248488 71336055
6
635937451 818899763
597256425 305920327
95714975 262329801
418235075 79275515
694095025 485080605
872887240 83889621
11
288824781 970769848
672677607 157458501
534113400 256418609
77957452 381751116
899861678 756038349
893581907 631873662
853812668 875394220
716430126 609976230
424980603 667127461
858456624 526442221
967024206 545835039
4
55845211 952521654
167233710 18616153
409227156 86521536
281650430 514842981
11
429502892 476024411
746832225 539812663
963684293 796087222
711546113 799426077
967634985 622841796
37799796 526291101
638550924 48934194
30539403 267706610
322653188 108690018
702149610 416704663
597659901 89910008
7
634425532 758438897
782393356 719744793
356251581 997804988
168383615 722129151
83129533 402318975
932145960 896691315
302825406 708785202
2
550085881 235275512
769906171 304803758
11
541058017 201418587
775872222 382649836
183367912 287628869
462914172 427949845
715666157 588642030
108994676 470208048
400585815 6588382
489138901 252411309
27126081 959623210
205220699 650761522
16638508 201462712
5
618474962 466803978
693696262 780676567
312507575 715566356
835104323 159645477
671187165 471426538
6
561125681 72460497
813816421 72067846
970645159 85418443
887334733 995028069
992518931 154189406
382812869 463314745
2
294573909 488251237
932634540 259306036
4
326552842 444461746
316733903 597906937
155010100 34435915
427005295 718514656
10
708242595 132044482
99799567 703295888
349517397 375781290
843658544 767626857
870308208 149785891
972747445 803781916
962049302 48915054
865345150 48448184
654956170 305767971
775844632 141416002
9
994533493 202977651
397976942 253295083
964473290 486765798
424203933 185495026
28122324 790507151
591444788 58778383
485501920 855075005
655583194 267912121
992879795 714793300
11
378059518 721053311
407987551 522958904
197970857 883311876
641161304 517035393
103376121 286426406
164388014 285274090
318557228 405167101
808330995 273847602
167205313 599494958
386330251 786909273
915068639 525666939
2
261262763 733280098
858355243 42729487
10
587876784 628678901
818985091 896161122
542953982 54335729
843144369 673700503
48921036 881056413
565606516 958782123
481628712 265859147
192572025 300838184
311786523 791945049
779679775 780367745
8
780956356 850671779
828578039 994306300
273075790 775784748
394771251 43766230
653649849 95492891
643765767 892881452
208777402 212028485
105879839 478287084
9
998059392 39124119
457732158 773206021
208943071 19027964
380109008 205952316
567442495 362095614
564042408 260400253
196756041 184942791
782120346 582834986
176062033 284158385
3
263373338 791605321
629105475 889371045
178382770 558364734
4
892519955 795910442
516078864 274038143
616229316 791642964
397020718 285100630
10
547023376 182969849
338346383 901467501
888780086 520145817
610207826 668932442
379505188 930843675
24492254 178873689
627702371 74914418
966592982 770347414
444234922 597479560
760463653 318638429
2
912687689 988315760
231940899 91459141
11
989370636 156035835
577597010 517171855
764142512 357827806
19600339 463654950
221126847 133961835
588118328 804234708
200570162 497057290
181462460 55275244
61817425 267279313
106263124 487093291
543626903 653362406
4
80267853 739386906
350894765 266240635
413386684 332303054
243295880 959898930
10
739966495 486964705
963103965 530474222
960328440 655111462
538103504 933186744
480576892 792208479
748027108 974928984
245788736 622211295
123313151 107945424
564729444 487677380
619989419 682787090
8
474351362 247286882
191765604 374486052
256725897 573934829
822513251 801397731
906149823 728758567
743596243 833901920
362482703 789040425
442042491 805689280
3
59135206 51465639
816926488 576873991
237712446 255836210
6
454683720 773397304
674505950 661123908
272420798 172014409
319319942 380030210
789036144 858789752
699165272 839337829
4
457920209 388033755
284656726 474337317
388192675 370116141
390234000 549103970
4
705261279 489060152
306566442 634027642
312736555 472450408
394982926 745793268
7
654719884 709971382
223815501 527578617
609319854 353150937
164856377 977372276
521757677 704768209
206008314 88396087
600471999 713149615
9
541784898 251931233
303687909 29748260
975812228 953172840
404678703 635754496
556301155 83983658
354837841 637669857
128292602 609080251
892207095 931626832
736342399 922002148
6
390186502 268043655
241904814 53028498
731845830 583988761
911823657 206692494
927307499 258977909
608673431 787437767
8
170246493 940811526
791957094 219091685
7794168 47069836
530749408 917433481
268186171 589408675
614851256 192207450
411636209 566110893
628471719 922372823
10
205970068 508509963
16839997 293442975
71275389 889460790
268087930 692156252
380329490 483786260
146068585 165193888
232023026 821447501
198813128 877566873
460010031 383363267
697799584 848020012
6
600544450 441494244
331182620 700403323
576998269 498921104
626760918 942456627
531001694 686568343
754446263 494258783
9
660522605 147901543
682932449 159441
870786941 204524897
313118784 746399579
863038936 295832790
779025284 337746560
772957626 268783335
21171556 814334533
626805117 969512925
6
210573739 75216021
702642015 109556202
307888307 531839819
900141692 319205104
187026856 181040174
819361580 477724986
9
323581369 172203814
856392357 841785812
648898484 729922154
167749261 131567831
449221303 725664011
966947081 445801949
683743588 441199036
293461980 646565808
6518443 665776747
2
575640309 453060966
882379478 268031870
10
209599983 811801274
739158098 386950695
775245935 521956480
126984311 748259735
388406981 903977948
890168587 498558460
996649840 312156355
642932793 844114745
192737774 301626392
656490575 300633309
11
661037509 530823108
769691655 914778904
983905813 15807733
697166549 591464158
413843061 981973429
996873352 906737641
620248125 689167791
176994004 786819454
668223459 371816410
245733784 3234904
32834033 132700648
2
263861334 426734771
252124703 178974624
6
110052991 338055439
859786272 591111108
54606267 83815631
459755683 199113002
61019804 414932805
739206759 459712031
7
786496116 496067877
686256925 776732885
557824767 735180726
235468420 355980728
583240780 31088892
56165153 251514941
996018404 161794148
3
712794694 270581612
412612129 210465073
425578477 367029587
2
922389483 357368107
724421201 279195042
2
667810087 568055944
754078768 819359409
2
982966917 372265327
993680859 834102745
8
421459298 325685621
17193966 216434917
639232187 246730577
53181474 708054278
973553365 788425200
401550163 573934718
116639882 121446468
170312580 33249535
5
134099861 619778939
55671836 869805940
123888803 280135314
112529621 627878771
146838798 142878137
8
938738596 992859299
946859327 61086051
489297676 716422929
798682663 283206157
605836713 562142839
423718530 236323062
285050710 576816079
668945404 26108285
7
829184303 430706229
403444938 369581629
304184700 674927385
736706634 858457128
955585281 971491592
924472999 927684273
530662258 501898597
4
906793967 331378587
769939615 533142022
611858109 12998413
969673645 967548857
8
138823180 740600534
241486747 584005482
189195122 255293162
246810431 577618578
790087624 949431295
426552016 365781421
640112260 552164824
600698861 473088519
8
649219952 709102105
756344378 599537148
96104898 553110655
908185829 645464755
765890781 730173200
997283293 918151527
689151530 863859782
324994950 100081159
5
909091773 122844718
724894210 859093355
410839856 935034298
101726097 176783322
865481 576406196
10
973795498 871079367
716715357 725812292
821041347 293350482
660544318 930510238
574912097 414566645
860415029 607046753
164693241 128865568
287384895 894626351
682778035 60955887
185122334 493337476
11
959224992 520061270
802377348 790266604
844453994 121678326
443399296 353728755
380386567 221167322
909370550 157893752
860152365 309215462
403611631 256501154
221841219 159290035
862242460 692552999
663235570 835673971
8
657816981 13688060
520649007 658278064
910601211 374965485
600797289 475061616
889073221 124488044
880376164 456547332
140819220 986519535
974418211 788787798
5
704095796 667181023
521289687 427188246
19609350 449620033
681877959 432858287
2128431 403792907
7
175256301 480174628
463098751 623433493
771331013 317854889
882342156 474330537
920221118 472554077
377892540 549746211
911812322 700954245
7
78473493 735414002
352575138 634939759
653797212 35976971
807077822 362681713
678688362 346668246
661602682 88386718
134695605 743862401
5
231511141 136124982
832597179 118041502
166865380 466802469
766202452 337395683
907255034 768847212
11
534315994 152359636
651603830 215521250
694039746 527594646
329344983 126423132
933720994 580332767
898877033 90248821
890201093 597520681
844484481 143697876
845445319 637533503
106657254 821034050
971683584 939340436
6
703342588 232659743
566258499 310900896
106512054 145608474
612243 505208587
699511025 86777459
648001568 486029301
9
193698973 424796698
7033310 92708392
766194341 105672083
424883831 643968621
89771056 429693624
175889727 55725569
844759509 153779845
189741405 364696799
242814162 182334384
4
215922365 826329389
268451612 559442298
154685715 586769099
160599036 82544328
8
989637770 679470490
22925468 286834893
466924667 923081117
441952056 749865873
670375777 756763902
271346577 909225638
222964709 849830753
701509765 73240667
9
71218319 361431556
513597184 154844406
336777649 412827974
345687676 590433530
522194846 363125453
606802088 537559189
978181233 35986477
895081659 613703670
129156639 193031807
2
621137033 347362334
63268581 270956422
4
958992199 309564518
892365443 622005891
747336935 814241076
112694205 379957634
5
451310856 263622538
116790561 181174472
594153357 460793684
145489437 483620964
622535097 816679832
10
212613367 318414227
3879142 801207116
843974089 403813131
59056705 861069036
231442753 966704554
359072951 418895942
795504209 632705290
271454659 395384406
451415416 244425151
194972964 421483281
5
102048041 482068027
489737285 197952345
676133010 46545737
360354180 31455808
404728403 501481482
2
944882174 368656854
440900430 221455523
10
530437094 811964734
369521313 496429771
159859869 202504420
148878255 495834544
66384668 455534648
221981706 424154079
460822103 761650537
735793904 61354959
80903077 68746935
264251841 900113012
4
63005362 592802332
396598157 657899707
978517707 218421841
799407580 321985745
11
701334347 291751578
11610373 967546039
871797198 217546036
532278848 368049352
740360942 31314453
487173739 924243257
724758655 483855059
967246329 472954435
241343017 547203684
830024412 346953479
373373892 763384190
3
13242951 216262766
889566201 5286414
427861286 687585779
3
496663214 593032992
656638037 579879651
515994036 615083260
10
693530065 901740046
326733251 361509836
582931236 220212602
970543025 753758107
273218983 104638693
399463937 297708233
735749483 385230085
630222609 189168499
241182992 62414809
484211494 197717217
2
620927018 315750314
620038680 244382569
5
880759056 225566581
712989483 847577171
649888504 462239661
811801710 908536063
839450397 825554541
9
581638156 796783602
678661848 333886830
994786522 360555762
397020591 709746111
86222258 287643018
152320787 372155599
675418238 993114571
377242988 436314566
864403324 603327556
3
250055067 195452113
711729124 758424167
456448891 901084093
8
185193804 838816975
815332625 910194655
178562127 147225492
402897399 628308198
639109666 498872190
819087481 54142507
804451081 127435542
675765651 300445394
5
782834549 119405034
56563377 85943797
120252785 872954057
913278235 467267897
53549743 235027418
10
362592198 622809814
174106994 548012317
855242556 94663869
873374625 525432476
809964775 684703817
661612611 968070601
860321660 137663852
935718476 591651668
65070333 567218126
617925058 423373280
9
923161677 312799076
839891638 42638625
57058782 207243187
999180896 542599719
824492444 612969681
944310300 6637143
799468559 520370343
153486004 360129989
547709130 173390557
4
600599500 504265568
190642813 646847885
934457638 126584358
819248252 652672943
9
62398366 648353408
877145666 217237156
322849988 651674485
786707594 689035904
539184774 452492432
15378769 590725133
318773304 300203228
904851673 715979024
454953158 139242315
9
89849783 808020624
512297979 363732140
506059974 446651554
362578895 596288671
513942763 698542772
39649030 329406598
612498713 489160071
344934971 323675289
430249196 206480621
6
388778968 492494005
184423357 927805590
580778432 20806991
907096277 948975811
390212517 239089542
774835603 67337390
10
62409442 814397104
494185681 577546601
520699066 249159442
960232106 530980111
650015188 228099319
256921296 864368361
945804670 655437182
661024400 989856749
657856654 855333670
516561446 999848991
10
492877303 52543558
872261322 372434474
771893734 168504409
780583894 363512991
984212308 533254839
150148993 754685754
522350307 617013170
833654901 876754273
180125074 882087809
750172816 874635295
3
213064649 278906121
612430962 471419783
497649288 556673834
11
492285784 658983916
816687511 823339417
391910291 573679510
996818091 584517823
607144010 224882365
400797502 757164583
750419845 879266626
453228095 359273336
271608230 280167502
739598664 463365269
554896829 631634115
7
134862492 76425112
296458461 713926011
928010470 748898467
733517712 142754597
674742345 400969650
223906425 678916074
335044837 122261143
2
918999852 201485699
363649316 462760492
6
541583990 897027838
814555321 251385940
177205143 488961043
184128127 731806976
134662016 307789373
171857414 52336426
4
225072584 887303019
583161973 622300231
482908457 991123122
736036143 370193312
3
55597733 287718825
711449965 900028695
465339418 451080315
6
532837710 918536627
309122065 102300459
168145946 101077007
631189115 660127290
286880755 572000011
106658464 181056179
11
834678553 434987051
756514802 126933299
532131765 871436088
609207216 530232585
554901719 141018067
549672873 652567926
433395804 433573223
144403448 541133803
896598850 42095608
338237922 80187706
834826525 828901577
4
362297353 664151848
806891773 266063241
891422067 708521414
751433635 569015468
4
574181554 947195980
245674325 514165148
735801777 540882263
589316722 210478334
7
159545965 116147095
930617421 133510997
185312589 353922770
669382883 919506170
63086429 381233434
364077943 739729648
260595038 777351809
11
672639568 816257736
195934319 63067020
498654664 546542511
871246829 220659722
336133405 402024979
92992818 306763288
658032553 976739738
709586999 908738328
306337897 997410666
678389002 767861362
748119773 66246921
4
164178240 57483363
145978799 653013082
887073045 274433635
69311138 938885041
8
319771032 137546944
151128701 666409993
298610703 789222952
578088507 557890862
787463857 158032907
878803881 941743265
576607262 589782345
719460603 398591734
3
406774350 798144250
87449213 105618619
200169867 726878303
7
475533760 811191176
215658168 119634471
741102736 911368954
170970593 484284544
58590846 709449833
315157226 563730909
703961926 232727330
4
697410181 929403213
876545969 687670830
594521108 335031978
145201692 567126487
7
745730107 83921683
547727426 229644346
191203119 838342367
118899405 327756558
949708636 862488910
775969402 62850089
810342527 592342618
9
515309703 316993581
590069624 685913579
170138109 271485734
104683520 145751725
309587401 116541461
522110429 421073560
483766409 381603061
140340733 750361615
328188277 416960779
3
417815263 768083438
523087320 613436634
888490106 929534563
3
797095574 182318578
806033726 131060119
444609076 18859076
4
630207327 983291740
256066876 217858218
408403913 891103135
505911333 911523700
6
873437556 412208908
278656842 870331212
551892268 148076149
674569501 442831026
249257891 106520266
253308246 571616048
2
650618849 407050316
717349322 448056963
2
654712331 329329443
212825646 939464485
6
773091340 649663069
839420100 436358713
828742959 749614222
440372675 739007239
795074109 410060111
247722649 529868957
5
284691950 514038720
769434749 608365977
132655835 959045732
196985529 752430655
860251822 496299458
10
26203350 387792911
439032383 420625473
577276105 435236861
495629532 907583325
209081713 186646570
508017830 402402302
645170240 781353201
264111970 136470788
179723787 264748326
640577217 450604387
10
637004630 605759380
552226199 468571745
679876816 320475321
923493842 786881222
514599313 483002565
771717016 910742624
81222151 6717713
830772470 601553304
772706814 40592660
590602474 582254420
8
28079644 583715821
158807072 520307360
654232584 149107898
685438806 786782338
852190070 819575010
945245292 814547985
980596097 804053780
466174788 483736714
6
815797592 622102093
181795107 225142358
258707375 368177104
40448549 172065166
413804608 924043427
880347438 330642253
7
343304054 87211278
946757072 195935219
253696440 975594105
274796763 630391822
493505495 254505662
255736895 618922111
778699382 628849748
5
435905698 132486792
646818290 1462200
185406824 928046592
398479307 645733296
303879784 50605749
9
839128228 799752297
879082308 320894564
518317593 824949337
52512920 992874894
329739395 749154160
931101592 113789141
981984562 313500419
468367610 647959563
930456216 546744164
6
957255413 888484183
276494076 498145360
578908015 443481486
236741211 668002388
650328325 445755962
284657223 895413766
4
842504137 450888018
472409139 180661655
466201909 562932387
318377481 31225687
9
68534776 829731230
445648966 78600378
317425062 718133806
937055517 278217758
822080740 443871774
804961017 475602175
147445044 58020665
970707650 487598834
266762573 777401030
4
367965853 435103600
283342505 984463587
814959255 898513443
815898337 470442695
5
47748439 248471723
159245630 607620346
825014838 173297481
989008732 379710410
699162999 627648828
4
330970640 969022860
414156612 481083880
451399963 920487185
707209560 824187033
5
601959307 528464279
198956017 796027314
678910172 868502053
594154234 176296460
79156366 103421605
3
908696319 979600674
583123696 872339005
255234382 391591761
8
711771480 322731088
789558721 677448201
63530206 307230178
54845228 340719932
644288237 477778113
983074620 374837211
848650151 558950386
21554794 657717046
8
292231273 652362631
222927981 752700414
251232734 122125873
633588400 682654448
17407421 946395624
972447094 81760544
918082302 910382445
498465544 978346629
7
986484016 5236785
541050733 500158141
608606681 150085402
940014259 608562821
769649766 71450900
284569858 461631893
216190904 94127705
4
460106952 810031721
365836823 525825857
246808295 60309634
56187741 178317527
4
312822258 138905480
250422055 697599305
55494578 806626518
895530574 507780182
2
234533679 345516907
34592359 711080532
2
248852294 116315027
565011779 331970770
7
373871152 83751265
285190827 536099872
161224054 322873310
270077415 494967843
391485109 552899341
534977290 612865641
910514223 280501798
8
397299736 539075567
835212804 850698620
568636640 161469766
3121636 887614267
321313699 297129635
59381554 637001624
238908268 991048197
223498031 359037706
4
553639810 272826041
524925525 208933867
649551331 27131347
621080256 39115977
8
733243638 884714369
394585692 181054633
788575945 937612024
894266573 655400668
272360360 689224439
214947626 220243532
194174049 116335294
418385240 618231428
5
385775480 774047790
896158951 27985662
730509140 692891319
361591964 11341977
372464426 110713843
3
501471363 945356605
39697078 284147192
719852982 652085859
8
237401727 126758655
847834299 476396842
30249892 502201103
682052937 975738195
358094344 417909871
713351375 588361771
142952884 200233803
484049500 351113210
2
859675146 641272701
66639197 445597454
9
45684867 858422720
140250050 677564500
929887379 182097006
482807461 947567190
979852553 371125001
268873397 282542769
502799376 84650002
200731045 358348366
863246938 592418260
9
153696695 759856268
331336304 766850573
186236094 451610160
138827638 743870316
136044242 812350897
775531837 251142796
979282068 392134401
293499153 753203928
501088595 776214699
9
900607859 269000217
152544890 768138475
733823305 852710464
541357855 708035339
626260585 994365689
295339227 680163040
980887889 92600650
896266897 854489769
620196869 781073462
11
327866432 491205277
995098528 185335548
817001792 28320256
358078328 635999819
4303323 866775064
185032904 6815446
909700199 371879950
465166878 145784109
844834250 439974120
208805345 402479902
747273620 449302900
3
576071775 54373963
450135366 894462682
609238759 284604183
5
990027370 464999943
96563117 652412223
777893905 532743791
871879591 212110580
437917381 946485397
7
237614235 888262736
303828108 53434813
950234289 770409164
735634123 394132663
293691540 789456506
607211649 466150227
727543484 20750658
8
969691859 845309610
403040164 741791043
682947061 855621764
600526375 748759908
336444176 204956912
278007980 808852713
427686053 208584815
711120324 658908119
3
207272310 967249601
279384637 284101356
787741524 343309625
5
715525181 945197012
15538474 961361468
100481954 557781009
846040810 124235607
808096630 114927818
2
29306819 728619065
795049314 589172422
8
485193236 955375307
948388336 135901579
471538811 843735761
861854580 106541836
232051353 821123805
384316782 337197020
981642992 336670666
995295676 60073016
6
495905705 170585125
895778492 745152690
666366455 358723732
896968375 904892954
625451416 789837859
142576038 49140372
5
985397850 992212736
176723687 438514980
975716870 480618790
861877697 98915466
143386912 428254593
10
960360898 382802512
92000846 591914009
953283518 275121531
664732495 548318317
767775672 259617570
650673127 586674674
21706393 608870718
924262571 379498889
825424648 806158684
304893105 882627665
8
833646286 26811005
24697519 416563310
779590569 506071706
354588540 773043117
443234565 893806310
798811462 743805194
713623853 126215277
726751061 430216243
11
99132253 351483604
585104196 614932280
260122980 338110134
505573826 425264994
220054980 154427257
112575987 808376096
799357709 502467693
929549353 837667571
715734126 35643861
863752522 527749841
304229624 291343244
11
557589161 249211269
166012591 530306027
748104452 630971195
372298736 158623972
936068053 45491492
64600414 906502041
899828842 234282438
622786730 379247859
206959143 195804986
867697780 797700167
520970882 6738800
11
231714401 196517368
962223100 637532871
642229748 238289138
172012438 415175500
635125073 356004867
606527999 121619860
407663178 365050664
682351138 717603242
956500150 897242039
525136731 619383363
600788929 121928952
10
526590421 235315129
547212743 110404274
677900998 916583718
828447887 248478804
325709169 830620464
412034144 194722177
866045228 998971545
718200232 605226395
364009620 225868271
604337093 863656270
8
983711606 629814838
301522712 347230104
799828962 436255480
675771272 663699252
435721440 820045091
551758511 858847522
67022825 869687458
654481230 68150766
8
999286599 335323435
961414794 561679513
617739570 111372351
753280644 510966506
26257651 799723103
2179893 155432867
667841161 999561344
625564054 728367945
9
954062971 209062456
22530822 677792775
527422237 887020725
356025430 38620796
662637837 817260763
974324145 303228051
45834375 791251502
530665257 670900753
994521209 447026274
11
328016065 464125596
726319154 317412525
415984482 930236369
334360352 928946115
738638191 820029990
761036000 783451725
337323251 654040623
710999654 804245525
299199617 509148356
87254484 10279383
968348069 703933727
11
18050845 474006712
656635147 38919867
393526963 49723846
673519682 105906010
556933390 761311948
691371531 64344873
260238848 282727477
188182948 775562726
273586161 215677217
686999493 47916341
821079587 664279593
8
610048048 760141817
490933629 455718116
16043928 382568208
677002455 68284863
870852220 861194467
783660793 126578273
139031923 838779352
991871952 461085510
3
811803700 452992566
76861674 799225674
563258399 332075960
11
421795666 260969135
325951461 16531114
432783561 34442295
535138224 816831642
636485034 650116419
641628362 157930605
372016622 847142182
95978285 537107346
466488929 401057691
403997070 582923304
463009777 221646868
4
683570146 327349921
616819423 885968447
655041806 302965788
322441274 28690537
2
865437401 46011615
506909394 90547808
3
96408624 831988759
613888367 63461660
949925320 302742838
6
975662316 542267574
903481839 599183727
583881714 549126277
176664418 431529946
692382235 79857969
140768398 541328114
3
594880699 806367039
281954403 285896427
36390361 147026790
5
664981588 450977391
812994736 90950049
85675838 635363678
853465608 200025694
485275074 487036161
7
775416396 461382529
98518930 754005055
862024442 384164590
130838695 459437956
411701596 616002117
331808671 510061579
928794837 826038355
11
548743735 333971822
559174467 574713001
739303934 677935726
240879706 833434141
86102956 476550140
286407291 866133990
816650541 709756676
92422810 854034197
869895419 260157872
778369337 239855612
142384445 140180110
2
212927182 668496274
699878650 862168496
4
34303198 261710929
714790143 435783180
372770689 917982225
816609278 489783816
7
251520888 793975986
352839670 564747127
344576869 980929365
568465493 874138273
29510749 264127493
488637833 291298489
54961693 826810982
5
220147940 145233577
522031208 959340111
26766033 657178779
616532632 67547152
227977533 195114026
2
139723739 612192896
915591779 483895261
9
551460934 809330376
797425766 98450818
739185416 986390480
37852977 676016532
453115427 223204233
161598386 725855010
794609012 141984624
870422710 851294389
960383857 674474621
11
180916133 67532886
485783541 473428203
391784184 283301809
756804606 603071982
225436236 385821452
435188276 415208577
564401382 556813442
398058517 711290778
491887 481651800
357417011 401030788
676503659 536253181
8
267565980 102631690
959178117 999813605
987715066 633168845
935071814 565376485
5038134 211882759
743870035 120031115
862406960 724222716
345486962 277458041
11
584810475 171029203
405690189 529411254
221362184 72085833
282441485 204869135
162139764 187652145
969351498 938700687
430603297 421690231
790325041 573294808
653742912 436985450
579604477 623023727
745726030 188794398
7
998998348 42056690
838570507 702772
964742475 777740734
906780004 984605085
246662474 394950267
417036418 555444498
441112518 943431292
6
407320505 804554375
810973191 28215950
749618495 834228500
650575565 567041792
128275490 523874284
628006139 417657624
7
215014865 870941204
837157177 446452792
639703255 322682229
54585365 135486129
906074882 17069012
529624981 267413373
861173084 257393087
5
900828084 483372920
447970576 580092666
215566255 500405603
363221083 472210356
342716159 465455970
6
836950197 593558609
381187283 997126485
807854819 466299477
904050706 100117710
481984714 786751617
146249285 754172969
8
851371947 282499264
298925623 183773358
324964951 788533378
195108941 22257742
88397783 660808064
493619462 157622318
885732309 285680759
76463099 191783160
6
519804294 163477454
889336060 388761532
895844045 431667036
575608183 864856910
311889535 66018347
776317408 668875169
5
250199836 251606877
764324497 149313474
449779869 377672450
857707451 255965440
497552788 264978951
8
303765682 661201127
503526090 407163319
597434097 776073615
644660694 779312617
513673009 764299125
327356958 582916809
361922400 552177059
255356040 42524259
4
165971384 115539321
907180297 41037409
359354907 459054379
320347173 308059697
6
128038342 532446919
997077686 286428267
614060013 738992530
352089061 131914595
543029022 806535263
331534270 704516921
6
918183243 385238246
984322902 703985596
323362237 551901792
904843392 59735266
990744160 536146779
319329529 74533217
2
194081147 408620668
494255070 469894552
4
153487323 127700778
426005069 80354689
102192662 480532472
404891984 893306247
7
667620962 550884859
63727757 979180099
28100636 592879760
599996388 841086606
103459578 980017126
63287964 196006400
346149023 507353151
4
926927489 917276568
698813904 923897061
171879866 844025071
698318827 745516572
9
845582307 132416521
166599476 343592069
904959700 195578638
761010428 625007927
278653071 855179696
410686781 923990601
156250404 392158928
825696907 910357018
89608265 342094841
2
768888986 17656223
393025021 417558370
11
776406508 197867184
304922915 422630447
872453884 478372807
785078645 388268709
120463644 572716475
906283839 383050205
361725867 777285984
705428645 44194739
650710265 439694899
377573932 9378698
280233595 816316029
4
234470641 986104655
369957489 663104964
453334729 512920928
376372804 544096229
10
419394741 57088624
50712274 316901484
608619778 843838893
823376359 343686483
298010122 471025226
545664671 553663224
149917694 609607706
877980227 853892495
685652327 933916061
341365084 880730684
2
574638609 609216858
838603484 632869550
2
531709378 272340296
152605637 962482758
3
334051028 68579529
467774238 586486750
665641233 711043749
3
282754810 840485289
723524067 561801211
287840943 786243956
7
519935711 373394376
285042705 570349799
206885514 288523107
664424217 777801277
227792947 701894218
675400427 488998315
658480313 58896622
9
712632820 469102834
870954684 379741678
369979183 878317323
370144553 231010896
377518913 211550022
454241451 213248397
938127928 244318027
220420929 960469801
709218881 468211403
11
290673674 283619696
903871047 855261330
310628130 10809177
194770317 758187584
929815463 381063993
715946961 556096521
190831365 104030113
281918830 924999437
776348792 739337916
33724547 552274558
676345459 110693718
10
132774999 102626183
952537995 527518519
568849529 432150924
716245923 999761897
181048783 50074596
600538428 246820924
465136167 947864015
675156527 622558199
131654684 563561816
638370196 45608088
4
114578493 840629531
499680425 726927526
43522960 79571194
209974621 987358914
7
852259741 861685044
415724081 136376848
787925328 415592274
423334327 489218930
275578011 687335598
398952264 638629264
100860888 601716553
5
363452756 659045588
822115013 521810348
981436799 91050495
352997395 252548166
231575090 425903881
4
366965441 185083673
200362092 148909726
160477006 362518463
123480743 216036701
10
201594993 371212082
643967135 937427533
348437605 835848359
755082998 393408254
206596069 112948300
381350979 173859836
207460269 988979007
764293981 683787085
265797994 831373844
906101037 793204488
11
296948755 592280613
403209383 594616308
230546076 462059048
94049273 732234495
829781093 290331423
16680879 963717269
184784606 279651616
801508132 768304569
954062278 287977266
810087876 334083787
505568068 333803258
10
893937501 551136203
825510505 484799195
505383471 918990082
365734138 961828448
719712994 578798953
891993310 483714390
693036702 202234572
113165507 235251938
540928661 506398495
997019944 671811258
2
521599808 570427082
171255972 929831133
5
152376566 385550828
690320225 512201710
489386547 726612777
739742292 270783588
154536269 273313839
2
797335051 975693860
412696784 952569567
4
948648582 152919438
71411622 912989881
950154968 937701452
78693903 730898719
3
774847895 224448783
714153471 943941408
11168113 846304924
6
360581939 302880307
77446002 881768025
338097734 754971016
232725697 67914505
872614696 557731408
273701342 161751185
11
286149460 987105454
482119109 539913666
605322892 873233107
960803455 394239108
294361836 479284380
333055529 951359840
295075472 232633755
276815920 149515683
710430909 525334475
947423179 124974408
14991924 393779179
7
799256965 770905169
369948728 848396677
493024128 542604529
19952674 693386610
407341975 540405485
564506787 261015924
671759402 339114634
9
237942616 853820856
323936056 16534019
743923268 524564532
420889210 548430707
497978329 232960317
659390418 807493521
24471399 45612759
382240506 228416418
578947480 780722055
8
872916521 17401638
98359021 858651001
163997476 568767912
77237124 648099519
744292152 649577863
938203908 122881572
268076199 334463822
710845857 815002211
11
841492333 895760154
177241890 826958973
763585656 564450927
355503668 943338956
976632184 678580073
890899657 212892996
304755727 113058460
41548823 789780073
72413218 67918968
650141556 778456795
483223877 996398511
2
390990562 421871570
185189476 805928889
3
867687868 841940153
706476737 140087976
547470377 456264571
6
312846839 575244831
548161584 418157701
531119125 978795238
137803571 557383405
813672057 952883831
450985185 829944004
10
476650660 458340242
575470549 273456634
88385189 496927526
647708837 93987279
223054231 811267626
409847576 763879506
197239982 289024346
517444828 438200051
757975916 7689093
158602645 486962488
5
845567896 893185940
194055892 420981941
548497914 802355182
655899270 235960600
819175659 695766190
2
985594953 398533094
718126608 507174941
4
103127069 393249956
192418315 241762082
355898109 943576004
531783225 295622652
9
390598077 575158185
639968632 320667959
845340277 398426744
633594002 333021069
580076184 42793846
609432813 985655033
673797757 553546021
675106662 753215848
815682816 536483240
11
372448770 906879467
95191976 307289569
843186622 416897827
482898128 367834927
897512521 610581640
428611659 848469075
445100344 823413453
284763133 10975588
636057637 27614276
531045795 309110761
678622057 635259937
7
180271078 314659135
270073449 166861964
1628375 56391820
278039039 873126178
783143776 297879978
753648964 795100358
877824909 493084772
2
280471536 916879764
17336364 510736778
11
288309330 145574415
1803345 2657734
611044092 538481650
911170232 212175359
762707059 79954325
495624035 237084427
399313387 972051113
507622031 748962716
904899256 216533571
947188327 799580398
426084542 676188540
3
898226564 660904005
589483141 687263451
751762505 737946466
8
336792026 679706452
415622009 764070242
654798836 145958529
314372401 735821668
434877402 910269167
148085073 319770425
778004622 48125529
856442401 234594156
2
821483741 967426268
345098088 213705281
7
517721369 808610987
114214745 209913808
201611719 102588680
868896440 95116045
383729082 52988752
378241382 410687289
871409812 742961816
11
586189674 303403391
451311870 378775150
140037523 188647479
746528830 428625229
791561928 505114126
74314532 92187760
992216029 704056688
152635919 605594536
583320173 887361716
638020285 682724188
813030993 958451817
5
827721880 286436619
657955715 77471297
872540830 134044375
969029243 336548337
162490561 364283133
8
801921333 646512426
182755865 788526931
592098883 419712987
142712688 572511693
590616861 919270042
953787568 208018980
589144081 428633222
87136474 426185141
11
874689797 921478090
704786689 539296021
66541071 202524119
516221376 721613918
763113409 127402485
569488148 436662089
894912773 691913589
175564675 950342567
763036549 917214923
726530262 26173275
907404221 9502637
9
232365362 765015862
980902300 111287865
356397928 933399031
530205403 503747650
669552559 517900800
476439596 965423728
708805740 795443854
890104701 491658794
634299199 888918287
7
243662211 779763026
821798040 509458334
622595772 248631756
220930558 131054811
620915180 626964737
595631933 280670335
866589587 966403095
11
232281557 418826805
375895491 923306535
392882874 403859302
419395507 886657747
336204804 446358900
38652401 19650092
252445783 937133566
774321954 276046424
129100220 172080703
136247625 306701430
589222281 627575833
10
360000946 43380294
148720699 933751324
923613673 139678537
712857902 154951085
263734297 780795715
523248105 676357355
552543352 196911022
781383134 520079469
830523506 315311038
400694645 274825031
10
535113953 437407792
149279904 32027869
862794137 909104968
102573361 548787013
903976358 289286470
638778327 703020542
413444084 65641460
461935066 25449191
632244233 805764468
889270281 949422750
3
462633148 979905282
694692943 748435316
45140281 296902391
5
947448054 130480827
975882009 3003657
816096664 397568773
61653239 684454742
103351324 83085697
6
224950570 878599307
212836972 217833889
314696471 374116505
340301473 816490858
445643975 808920704
249949850 720998833
4
994316842 365122245
950719406 123352563
563972783 782607668
177700925 345610778
7
208539883 700809957
450875380 98134352
613420240 572110528
928960525 604402017
764312821 607388129
425425621 102395285
643639450 735230842
5
538698411 982131339
148824738 299019134
312707351 779517083
155172996 906973388
653312992 313761519
10
153280879 18370516
548026681 707230395
297680257 610978466
506874701 169115506
616850739 52176783
422634818 856160608
714693448 751592744
218853755 336400858
354220130 992141718
623342448 43053361
10
151884097 698372370
841937690 105919442
290003941 21791267
655217818 582965240
816607901 809107480
775998446 117295816
604316715 44400609
189041503 560054207
863271091 908233599
777009448 150910149
7
664273409 415302752
247660495 699937969
169921737 423744915
124233407 860096368
548023252 893316113
487700069 918233249
112384790 136653587
11
952633146 388274620
975341418 732607726
530389343 195309564
382172239 998660753
774792775 430596709
747481354 706556513
243992638 110050549
60226154 158178053
432791399 675377206
848328656 942349472
701124120 861491883
10
356176241 248138990
123830784 922264883
15605314 567424457
338781063 851841394
60705519 248539854
737601369 625815240
627131045 197833313
382456098 861495557
690477827 466854199
765779804 69661962
3
81158721 389773441
229646127 110310772
736019356 618446206
10
403870141 167474369
797766996 317477486
946673763 242984642
342478155 270953605
575750188 711397311
244726274 899721226
960989259 982517335
51914466 150927363
109445748 664560853
68823217 57245828
7
988299550 474488498
751892253 449077996
610573524 259795388
134403012 819011235
400819422 342133721
923305282 822632720
201035774 678130991
4
583564395 897662737
901134716 477510076
752982601 438571905
424490474 239605535
6
862134633 244272187
636266218 978410160
434764448 118820504
985655170 882507516
555862008 928339774
629006056 7015311
5
808489734 845485991
289256025 467409764
938964887 376067918
970761225 768107302
476485277 493012928
6
897030266 368043148
416356317 95443822
337723378 954994302
849312359 743021308
525359322 957247680
121696087 775783641
7
840349766 40237602
699395050 233646079
974673177 587876905
714172136 8787463
717520124 835345207
312187503 517437674
624879387 894949977
2
512271448 224453427
706141180 857141350
4
77620748 912290114
895778152 1323773
501084167 586699616
494977634 409527305
7
77111851 415212079
791372436 770457268
386380070 771764357
708607712 939010207
495416229 9244375
631959986 463986371
729505290 336885316
6
568131589 255180170
577038323 939061811
335554012 137090061
873121032 452567107
398845193 848585830
160755553 919175482
2
631194827 864415566
256925323 807986804
9
176556196 505980787
887556079 854194279
951338800 93489730
667237349 984551972
826736116 358214441
482439883 35706643
697277550 634638145
32370035 372761117
267391922 968139506
7
891228620 666983560
744915421 90886540
82220048 235654104
874984302 320275039
726813375 157160468
710707526 946998484
316698082 922736657
10
62856083 313866801
38826137 325787965
748958938 859406140
491837543 982636473
571136611 140365855
71067855 830783349
355693301 683062226
982008956 376894000
358464195 317738113
910979908 831855138
2
5194601 41536938
252506489 82804795
4
353579195 725022452
332564444 825714670
551082620 53128209
317144932 568959902
2
464994937 755044285
304753040 247209075
9
149349892 478285013
59172680 341195141
167345359 638043796
391042048 688918593
687165099 676920772
771595989 815812062
263329155 409340529
632304561 115057388
81878849 67431740
11
766652433 360107318
654560827 385980052
718812104 936127910
453562587 974565111
502714532 146247808
22163867 526056142
925272651 385613025
326705104 207562939
374663577 360389217
760596988 495818260
724499899 830434917
2
757135705 199649415
239169726 859776054
7
528415613 710089186
454016270 64999601
263915263 24346563
830062913 782355642
369163327 826747977
447437023 99508026
287404427 492523363
10
601307886 44368961
436975451 280980475
757197157 949713674
308283838 366331494
780106610 76157691
50798601 280513150
333508437 470060222
570739890 428290068
479878460 325722506
186609172 238258514
11
159372655 113454878
316404387 259339859
483399896 339066041
345769919 495524180
354963426 81621375
673575582 150442257
780876641 86757065
390198773 169342889
12808718 245386117
964934886 837341254
294667584 238842072
5
805909063 892930653
495005809 811039830
96526038 677042518
639646389 385067491
733235368 202626635
2
328939884 135148495
405938684 742787304
5
148827048 64046155
3731076 36892617
491501990 731058543
267951610 543972516
639235090 751609464
9
469879667 560564706
533406832 959961149
295628614 648667741
104476833 270224084
347263144 659233654
930406428 964766474
150612704 648067832
255897044 856621337
341516305 265484850
9
862652940 731599715
535711191 867379370
62251455 693580625
786809087 857766346
868314645 711226668
106370956 694535124
885106021 367781312
354988033 503905148
444081146 544324475
7
488100046 986894999
654918440 214948915
535599558 315710222
954200974 711230134
805013716 831668146
660180498 324085256
722073033 320770863
6
94883260 632035324
129696812 103937541
710214346 913468099
184393949 598503887
49078788 523294927
684102675 614051343
6
50093919 44002431
15267224 296208366
177349826 284573632
643385218 437210228
605110742 820327106
469485504 350422186
10
303257893 414825311
118668295 622862469
731266692 892147310
180497441 782996052
985077146 424528734
597527372 880831073
261834885 289684279
629659556 212008428
669158835 712792084
627924699 681336981
4
793495526 424378382
419151415 179079983
330370900 561276856
937674722 234943965
9
846339552 889496251
722157337 806898312
156365441 664567125
733864478 639939112
642482088 520554043
767270469 231711291
13764107 862582358
422584567 451401166
83033682 752574612
10
512580980 860835201
733784815 553985434
148316921 356445935
783938403 81955297
23731693 509077941
26796355 786567193
67727060 852547614
659416198 705343784
91902499 234955996
286068295 11172874
5
553841074 440441274
984309291 825553238
359546922 122969881
556579390 916550585
935084295 398906567
8
686777087 939415556
550408293 375013031
706982913 619932140
111064214 941436740
586516454 855720693
516148647 783744205
536186634 762991742
162352349 349213580
3
267893888 764935898
735323340 934147109
348193291 774298265
6
484048213 923863958
218654613 236446003
464084277 150831933
124695697 515193729
610020402 83234864
627521009 276275988
9
639882886 447977154
809130891 163624455
990480849 859142661
590069494 591917188
191356939 43640484
580478065 178308055
593928232 95864187
608590739 209137746
386668245 692034472
8
892610880 615437590
734540613 391639903
133403526 474993975
970936261 536571658
50592557 807811204
200729131 967727084
290063105 338561475
147326857 689779770
4
422262192 573100869
217553302 150174095
80055957 235607812
14288287 32027971
6
24714223 878290232
689027944 596798099
844335516 177459964
593613502 536426535
61768529 216195324
162756564 115757995
8
752317854 70740559
15022361 139499851
67112276 849977755
756858560 107740497
42048004 316129343
540908437 489789188
506807858 22665760
77393329 608307672
3
333581429 28739741
127060403 149252313
495992059 74295172
7
678652214 445372882
817211536 816402353
368863285 49255850
763058574 830459510
981003114 296457037
435967529 691722250
973236316 463077311
8
199593606 255377405
873477709 584505441
437608512 929430763
323818493 257122551
689095231 80899423
996094293 935156990
789398266 754598031
693758437 450732378
10
912516568 409293934
421210103 641257409
250672577 160325247
477907019 345686681
158674192 594296209
690968632 248673250
322543170 284931855
494227745 534061122
330517866 208373098
987263294 123873494
6
649262992 570077848
50637822 437063126
653192909 485631237
565310493 641165705
82650261 351085808
130141198 946127470
5
809444649 60257360
696800796 677177673
415607127 902885848
215160954 980085170
454144395 42450208
8
72504882 550608027
921298763 589601549
195843552 865917565
20253797 815479539
675952044 235776236
240869727 762265567
776456633 423249308
921517670 675031661
3
129454588 379271402
646732375 715737730
954353859 219525759
8
718710322 659730901
787050549 721991722
243585637 619497614
757007838 950603564
767629265 188627040
453037072 994611832
17419290 675376392
998621965 546919430
3
640383728 106288471
219393931 103120290
216265656 368508483
3
698150888 581498221
766537667 461891078
681322462 463180650
2
183794886 284014864
764622273 728214312
3
165347471 502502529
844050672 629163394
620324435 680389478
8
512507095 551555335
766743540 14082810
121047256 953505403
96513145 282650624
93963767 465749727
745779168 394599159
578952137 769462956
664663054 804671304
8
48606357 302912857
950345215 553585378
601775353 922002686
197992479 752272732
286710121 561797618
753069138 488372986
989383471 530653074
487319173 860170064
8
13260240 532174041
621659615 76976591
373389415 729861597
592883038 883538764
594951747 991258095
705240863 873405624
396885221 944855180
839491507 938885025
9
929208660 346528443
437695030 760751088
926569052 100473029
99994177 791467334
875110524 61695161
370169634 199268016
364877820 373997913
633828139 158094801
954115203 447480813
4
351529791 552291893
37541520 582620094
752761747 315906680
803257164 450340439
3
357088512 989875388
531673182 201214782
907878887 654154995
2
476994926 365526094
75445464 345521691
6
153600011 821593340
91181966 130723535
689790985 977985784
431169471 241907543
483226357 321701902
272822888 308415892
7
38636993 242106758
193785826 992426057
896008018 933713622
370338520 118405813
667859169 435000168
659019641 454939216
575284751 221612003
3
29939896 187997659
789152223 228154877
941450965 379153949
2
101905028 169474898
275605398 731334765
7
360567590 944059681
452243077 446752104
406637416 46484788
73632334 677552266
479939631 329839210
737422956 496847840
848462611 579584475
3
381979162 351183763
820899257 777227053
37404990 536958840
6
23312052 986141418
739415058 961696884
948421319 269645835
36428275 599346087
357270304 724251801
658719682 123747553
2
149747679 868800218
255651217 394163233
3
804575047 374248138
925050488 725923734
427904122 400464979
5
436478362 747004739
174307666 487477770
569113026 989624824
533625373 475515691
535750139 548406403
10
986312499 257678163
72635867 450131772
119143467 234591481
52444830 1311432
654946501 807947945
706664804 367633618
677924873 709487046
710862967 820607954
400110257 818062144
457122277 168500956
3
644720389 921125217
216061979 286950250
648335979 463479205
3
316798943 612119074
281395252 134336982
697437036 411112538
2
831282003 18570764
900925372 973090986
3
321185142 687448135
488382902 326686696
606770244 556807547
5
730635483 776198688
748134427 435620325
807444223 870891860
609200613 980122644
49416775 129202952
5
581802987 667120383
201218532 510871425
65295530 387910199
690506373 83154475
523468455 346065216
10
780191753 726466969
721803050 579617735
620630461 169589968
734018257 124706730
451121142 393868368
127259061 650802105
518757068 457514138
157904784 613807111
596963726 516020141
775464363 948400006
8
903957574 8523652
258947229 948469793
704883130 459249292
523533045 642667725
84006703 562891619
766606132 266626384
461364561 863134761
544473902 761282399
6
62606403 463252111
449366831 906855952
842865989 775042993
176589252 754103465
475781332 490423577
990528374 168019189
3
940699454 879541795
20566310 21452118
827833277 993193857
6
177927729 5486604
862971667 837080468
109343737 163099204
154843870 584709914
953298164 731024819
536118282 246629616
8
504901721 52071694
887888125 577643547
857285852 982027433
848333866 841201201
326713772 150342034
733935871 332600683
991844593 527708890
807197449 591537504
4
86803791 565014663
253684643 900897806
367369691 454420272
351839032 965259688
8
421632217 628099830
428621381 933937241
928125174 400527548
104999958 982850530
467200985 100349621
343830569 539091163
627747049 207645357
349879928 826451171
11
929648817 474108675
689953486 848489887
504625704 610590080
817469981 926132306
486435735 373452695
858487554 953393997
317916509 873315094
851756503 625034193
441893295 792198708
148946434 374600851
939364877 106791441
5
758175492 273804890
892273789 555793861
172227507 300111114
164019067 266827352
300779534 917440670
3
752581796 277130487
785935044 513916429
996996017 672554500
10
334186559 665129477
928065617 377383054
653001956 336032769
989709718 677103948
113413586 504270534
668443558 786488504
104813186 25558685
654364528 443661095
575024779 125849141
253177698 250497479
7
348817945 338387629
808368074 133880314
795622552 890353163
910720599 356209402
596853932 53036835
967139533 567646520
966991299 750264598
11
243223632 362529090
180314027 60114021
149096597 547211995
506812624 627520482
500504826 452016488
559119076 679638098
877228883 536276472
971947263 937122600
196622451 560554631
729887050 476336933
229514281 101295707
10
606653998 707267442
687879652 730924610
908184768 279973650
185618827 608292234
466156360 31555718
338274214 640845944
337827682 283416017
592398679 324618678
788782425 336436768
606525174 728175710
6
557250080 498099675
552550470 954572681
557296646 28290126
674740654 201217341
910987276 956379529
938495873 385964979
11
314900478 720130421
366532455 919818559
848396588 993889260
607130542 128953462
855173346 245859659
840938476 479695756
256568289 537693606
40744381 22927208
212133955 5078922
783689348 406790247
60852928 289577096
8
501829673 418346775
908778341 295182455
167627358 647243851
316493467 677040546
823453002 649660769
867637814 131867107
162433640 989180933
593062157 80741878
11
328082493 451554646
142991270 272409226
827074362 118023424
178892007 354792676
595253234 922510895
544483944 371840670
937943932 137764915
442053138 242397987
480755420 832042575
628631562 566180535
259046074 638129527
2
398575617 323994544
872389179 84831226
4
83841153 586844817
782360007 321964455
69042422 427437959
950088510 935573433
9
563650332 714876304
543221888 288391226
605845969 634048259
792859431 540182254
232952740 354698612
848211303 393048090
847633849 43164416
267885321 35926247
896382222 684341927
5
199313955 89732936
690802863 570912757
187455659 443500319
357537046 675744873
35650384 590529831
8
468622698 808491262
345828293 636789917
128819409 475799594
649787862 289808441
108484445 443625614
695656510 996711410
572206191 272998009
193224159 314095777
8
492451617 782860958
91292903 396188193
77498376 233425327
604044140 648507911
50999666 910322447
392896926 777149716
804241361 443638739
290318755 557439266
3
317276322 156045806
781330843 191453044
480378838 179133582
4
49834198 208355383
723886389 218681137
911489523 313730197
567575653 492376930
11
161879401 945651338
973380804 532726598
207890857 881631008
346851129 971783860
762575836 643864641
737784713 206373821
964825327 575016821
292154474 927806427
94401708 218438545
123288371 653962463
685892285 17885080
11
766180653 96025462
371442474 152903009
123182054 811729728
747995298 700041578
542194613 726929028
899834667 937569084
80064828 621392842
619602336 128191331
255837223 71189712
147569391 28879061
900033800 818640748
5
619606289 550512276
618945683 32102246
162609388 409067246
87802773 508073940
920053386 614966247
7
237106375 307587893
436127478 971401562
485394245 495769514
139948909 728082901
707203833 466971206
309148974 123092193
375511801 310242740
10
647170123 44830994
560732827 207848185
664967604 852497560
587976319 740269043
142670353 965701280
160043404 59338652
899335739 474694158
687552585 295099878
717011176 649647255
642167243 444143055
3
853222896 194712342
378217701 969548679
389372932 851733872
9
440329215 750451069
598141857 555593923
653879510 383538961
466278345 953430792
843646654 231700587
988551057 857796625
408923885 379472187
321976188 94172321
619788088 275291372
11
39520854 267721733
4086900 483946253
406308928 881600402
565825589 979819872
618604014 625389110
382422235 407032690
802341688 611980392
1928025 428949162
697796695 953516521
893125350 736844809
211513877 947266028
11
943842524 374090433
718072195 973837943
919635636 756880204
349009783 273884890
972201372 299195319
31401402 500152245
288967730 107675355
961631700 14350811
268892530 33166419
621564639 721933153
263226844 661639694
8
59352959 823101757
528077293 178083967
916354397 125597737
655039220 967210967
928901842 740194683
597887155 36113323
416532505 608887233
431687955 313399244
9
260928753 479403993
468528816 352111210
616621252 508743122
987728801 399017146
471920520 19862431
687362714 813412292
182833105 49698756
96033867 463991703
522121636 614804781
4
234912295 111939701
857764161 841598714
182558918 975540039
383536305 800183120
10
513852272 208576352
62812466 806451890
375725699 225496082
372488264 597605159
984527528 577596590
683275983 298172511
781729077 394164318
378249751 985093366
703122629 317713438
288439296 669587098
7
718274775 115601346
297854094 460192044
72729391 560567727
851954287 5937417
173199262 427840205
587817976 266173755
325813237 158757188
5
893656879 388742564
565426114 546079469
765971237 3653228
858658812 680490863
964789768 29941451
2
377939209 301660512
722320242 894565796
7
197529946 689155019
584279633 739947352
139932971 495844887
130310375 395947830
671368597 943747977
375529077 94450396
191706728 863253894
6
444163382 378023042
124442375 88110308
571954031 236859871
841418578 301957476
10704734 758907150
593089625 826293363
10
214324373 567616206
727316425 248733453
966302928 466649500
746624683 918590461
210351187 191493011
889280779 980928966
791740963 538362283
47811039 734760472
701630850 436343298
590287663 881446728
4
653413310 142425621
465113465 832756345
994453364 537172034
634550533 539126468
6
188925842 11173668
480043949 514873453
855799104 113900575
158054890 613107993
882369004 744443671
795033812 315661964
9
683942834 549864781
723247590 783741536
668076510 396368636
858032444 220487883
850371738 638779320
766904182 618495882
488923361 137333697
471552343 568148661
73286847 785694101
10
948596433 86967820
703819135 319011883
985346777 552550209
555121030 605588135
65988745 132293066
528020899 77016976
196079494 845907878
76347133 656213460
900474128 370832294
458801374 766586483
7
495530276 516342236
222408120 495027844
572724321 186927649
683195670 592493396
146973185 373127728
240063133 245353536
518273942 944777597
9
393526364 717754748
517541233 216059760
422727848 325289287
764501629 320433334
504800974 152904554
250145785 665714650
241811105 865625249
567784304 957308092
381913893 317742000
9
617342486 30793792
722197052 84210928
819539569 588236139
92975227 49526853
2274680 618712014
477082097 575934657
384451620 890662703
353227685 845293744
710349491 787297298
2
511848532 398831247
44527091 774817409
9
705845093 324115780
177046536 730617468
279528224 901240526
828955310 441933902
202055788 816880976
478769949 553764489
221266573 672901764
737523720 404570398
296313209 18065291
3
279130994 477353847
932598648 217864320
156091091 524184789
8
790409172 235666724
722131626 814305343
406203281 890028289
4250570 440911751
363809498 994804818
881691427 758920722
720897950 983132346
478093840 149382527
6
125764697 620883631
852491943 164141423
434583969 295010322
363239710 135142372
893330525 143447501
855869456 232555863
7
144087693 902554043
431760539 913796549
642656582 799397829
966876741 376898826
627874148 271734165
871088124 329010310
626364807 719297009
7
469474112 679213614
605455585 197346348
188406594 481559081
306747946 713703720
1398601 215262443
522830012 489678110
969788902 322859336
8
937542087 642211991
579107035 456401313
10581269 263914843
705500925 629659876
485585753 249854264
934197025 629252837
133649793 69090002
418007561 664191630
3
903650721 427996602
618314598 758260035
851601883 627533532
7
350117588 374987889
914015746 80420395
334710055 370994586
474685373 359287055
559453579 264913071
309460396 649817154
517528120 609007283
6
681308474 159274870
752422531 202067711
495999341 887814100
993819339 634532062
937377680 723718702
126098236 949557075
11
678051846 280449639
139081705 774317647
620260233 963756904
794368817 707986051
818913956 557119930
625310280 522326187
122759714 67258515
750312582 57684836
29901293 342274136
681423703 668829463
67255633 146609178
6
537248384 87096824
485369510 80501532
801879280 9830734
26140998 702599720
772359488 79606453
14337317 876394292
9
541335712 913879903
371472986 119495041
115757713 62805818
732466610 189604948
69749341 999673732
858197257 155824367
991236301 452188070
246159696 852916067
415352409 199274470
11
473993635 916518349
574741582 41179740
734288439 113631242
548319556 941887667
322240797 240205679
189220579 564545027
317560572 802407263
572294102 285337867
84873518 126654227
348512205 84197873
347102601 353055971
9
64350955 698438348
464178854 411145598
428296716 815239462
347123827 56776155
755962260 385240690
137411198 463699763
559220021 981024022
237189467 686679731
884262020 134175075
7
178490810 889285651
318492446 913182539
929412137 789700495
497667776 993985209
529714353 411847288
575533304 534525166
90408030 280227333
3
875827090 909220315
536214910 876625662
870088745 104217841
5
547689767 917236174
534802829 907395043
368116246 741663329
845526881 661134510
341036300 483100256
10
57905461 194804768
559795796 45547853
551029529 950421165
878651477 249638327
578655756 662954686
851554532 246200677
970031547 507587358
996744783 658014526
652959680 933105069
463148043 884818872
2
789569333 545045923
775025608 559753274
10
203392243 190778376
312031495 130514728
699044116 233041182
551471405 627153045
967127176 559805567
406757836 132598704
602904740 848847623
55960477 103824040
71571945 218210921
654031917 502219054
11
507660523 512074038
372569454 830489055
328673859 596751152
473623380 594762268
18647836 282112262
37756475 284457862
701410424 153557222
374941324 714490922
1539412 958661639
296346842 762199252
998449992 759992589
6
686647180 87925873
200787812 940522069
820314147 972739333
400341560 358193688
854364134 113615181
812917727 181292117
3
840397911 300508838
207979020 593259099
320277509 908438950
3
364651660 703231358
676594996 775893642
129209899 333068700
5
657067699 6121967
960386954 860279935
659710438 622634907
589544877 559315285
547030029 555458734
8
242113653 261836494
99325536 432223861
670550614 738815329
623493725 701592941
148534952 48587579
187656186 757433014
621270634 578289277
762118508 434282858
2
161261181 177668442
493752170 263780621
3
969815035 211393545
295787713 209604193
207583503 124175488
4
32970138 823941469
597725504 401471809
140171066 29529706
789057315 751284816
11
130364099 793445719
719474780 433507640
49679866 297995091
50345672 114236508
217401782 538339174
58931368 501483220
754393200 832692663
533540133 122776820
695183026 972774612
901427964 857358398
834219531 697034676
9
232175546 147421393
647635265 801062395
688173362 600355081
617810672 800942074
676021988 372000993
62789735 583310330
888988417 704977557
612543910 828555343
967221761 410142802
10
269449981 499747864
46613163 355211955
460074156 121294935
994372057 861259387
144436013 21196604
868104795 238715934
40068826 750100190
592824021 971548182
910696132 428991536
784681581 883785061
6
336048872 779999116
656467118 60565317
386751480 14303729
423783309 794656237
866683201 991810641
787112787 460601952
3
545734811 245420691
36637280 428132023
914152872 241268946
2
819879004 438358047
299435598 677177946
7
626899929 148119252
730564446 622199818
925821830 520546660
320239764 146787516
130767508 54462260
129050382 534401738
254204243 335734994
3
670124307 913797788
108870106 753134754
262419945 489397849
6
551000806 589469214
990193811 836842441
455347171 251832
635742090 836382464
223178467 106891501
979883351 217565484
8
363856254 850544103
727985658 867711716
357051480 30223094
437601959 834372764
555792936 294256407
288052106 966165382
635001851 529461870
179476089 783499619
10
894452170 25778854
78019808 978429021
349806425 8945509
865983212 207561141
440880601 800503447
513258659 613022247
709921880 681515179
861662232 57689128
480306848 380258765
756965807 918225089
5
12505034 616173196
759831609 376832976
583798406 530413238
888657663 463712055
924303069 749707748
5
993099536 251282925
352268014 529553761
240747002 330559919
734544933 818049066
947129216 890201723
5
606989725 862749836
487384631 908425351
73284653 667144742
816377048 78714003
649115708 418097001
4
781380903 504952539
294982825 390448021
376764247 827082230
504061806 956031591
9
643636991 1423531
19935806 36159258
531974077 328031946
666502391 99070310
236997807 20853901
433738544 701094443
999077322 861665121
36281232 768997338
276657828 252886127
4
205185597 567191922
661749659 976936807
324668162 108570008
267355913 730811964
8
707721441 732404464
577621074 36588326
266869787 520997997
101532200 278306043
658502113 254678604
897334305 36202428
477954889 287350909
245506946 876657381
10
792335824 783271417
378379350 79850101
420989082 947795297
254214752 875125308
627769223 922689635
253610788 379353490
675317236 706251674
845065904 879684246
325013250 124867950
367907466 727884532
4
895270207 216172232
250423440 866357900
586800407 929642494
321449357 85451854
3
162360401 827003054
518465296 17103826
342770116 915102804
10
692125020 149544514
282032827 776121065
218359495 756320026
511070254 629618984
954784801 52181037
930885890 975971268
275108971 619210643
455525362 4620051
160865757 779852359
87249879 936054868
10
926318695 957159721
355051770 836210975
643558954 609011822
463977683 48188013
210562755 446911153
483770094 302311690
926475388 588624295
586085744 266487639
678344077 738838066
516870793 371251024
5
786755205 848103256
766796287 555003593
369783843 843836457
738146024 582604323
29133650 902796070
9
177046944 5159315
818417494 450752229
442348834 707397931
416209239 586569684
859220823 824417187
671252738 351914639
499661616 542376178
235732720 403614630
169015592 698942821
5
535800521 985778400
744647046 656800310
105039715 292391063
416998520 805750574
651374504 35113630
9
640564595 212983918
344764980 218641316
934467849 569299420
891148604 333080814
215825556 844818377
775842963 455718544
216039330 635194788
368768167 915223680
73948316 616697146
9
605320602 799964645
951461323 100861142
909907858 731574139
577122767 833574437
531850109 784077633
829712477 368814208
70158480 818040249
857984797 236901543
465242852 172802944
4
228475537 387940697
376710021 661390160
914494201 969683701
215671199 40101039
4
894033141 539348439
315341886 895873968
931267416 382215710
227041875 139707196
7
850479518 186688590
574564303 331099371
827464570 496082918
34822481 145953375
786593007 791690322
794672190 357814859
628311279 69882409
10
854636294 431413236
221101114 278205211
494273543 500093798
31599346 856769134
9485994 394733529
183907018 976411927
440307038 982766620
905620152 922217710
889523191 203943980
393910096 338446141
11
900654582 704106130
218932527 441476404
831282839 439968807
390168482 215924190
940825235 613582065
439150410 449131245
827608308 742898134
913111655 572134486
799402195 20463280
546623184 580359464
458328091 765413252
7
878533439 957249066
942798962 965622393
932210328 455065708
951162511 991770752
499091333 620916217
867471087 750571616
745101800 199690701
5
736892242 639059482
52238842 223735616
905852165 283818852
643592313 417104706
591858538 126914540
5
522181538 171504597
571987642 827489203
933996732 757781489
61886199 204338823
475000001 690323838
2
996316075 406460364
417514564 50207381
2
555440949 850815297
249421994 135866646
11
512213831 775278574
381331642 42560448
61012301 303162297
227911143 693972307
592899547 548823570
192129114 845434571
653914514 577560874
584838235 825411972
804930366 142291264
863642615 222454891
738409230 362849287
9
983641224 484966252
78017683 626479982
245352815 630036589
98857175 640591457
718555480 114018999
355961073 957344906
247241348 682420111
104225547 89010720
93336728 593674236
8
471386316 653875223
570767303 551796381
509628004 920275030
979996675 328599402
803626508 683612527
170978242 203526528
425100462 655633837
602248553 379332100
5
641739055 164738727
869679684 372689540
915598653 517317474
460427971 826206206
842913953 987360675
7
543991239 918689350
775908982 486038569
961487149 644201981
313448662 3216521
6271791 275309739
173565618 431915174
608084702 9210512
7
165197319 370128661
940308465 841574704
716105966 259992839
255297728 461384487
334409310 986438964
172845004 770916005
231347541 474676118
7
604539608 645708452
224447664 104856441
209689040 115073623
937121885 862024957
375872191 759252521
263226946 259983307
251296927 377728341
2
38426919 327572710
347182167 299363759
10
826654658 760325888
441755405 893944298
260627761 111242182
312783562 623434094
956378377 474065881
638446870 638502676
507875811 2788097
205201301 61326071
519400772 745022538
227163044 573369346
9
710156897 101145127
708762369 983057098
782699655 465820964
533720230 961629395
256647199 779791253
691742352 579392624
914707343 536581747
660016498 588474821
211524869 661209661
7
477115245 546642261
442918519 775493431
777796005 807887375
525816005 201041307
585334101 379661260
200616620 870384573
497841148 476369332
9
700768503 875567931
901955434 231902419
581206510 505274838
662875701 72237756
504236729 641841900
286301178 651850012
320699243 682157782
941878675 63347839
200990467 863527997
6
722890224 311916497
888781706 642620168
363872966 552449266
672920956 266925403
226068816 683545139
61147763 347340707
9
363864945 735949291
729148133 21881125
271536162 490958359
802087781 949144187
165038997 332642267
834953377 715488749
687630674 482424106
519007472 326601746
165599174 529273198
8
164299913 214636152
660779422 481813521
525265307 265996907
717255115 208885701
513360539 993968917
355019104 298896977
246452565 454225043
202863671 205575424
9
498002845 890601885
16285017 879202573
43900397 348134342
900386055 618720181
625940451 343384497
108203289 129084685
500548220 706015431
647981328 127633451
28557613 393099652
2
824796704 561959545
459139142 537368673
10
755354535 234915602
188462711 750915916
199550958 78495703
120077051 204127455
800377330 353957746
747007804 156280333
202932514 267439332
685075536 195972479
576193930 892724671
234138559 381858271
7
891482047 238478607
123703721 694046487
431606018 94246855
889597044 566396028
170418948 561507804
656255055 394826633
910237423 951832150
10
109518253 429473845
232504115 190648920
828355664 118468865
995385087 102111253
996003302 510493164
445104671 367236081
289159642 366816621
320309946 23393800
897788288 356486001
960139347 102595447
2
428766685 44573777
276262988 120038532
4
134364388 898449817
85351621 779927357
38454174 531271349
543723919 430289044
3
886442842 535522582
253640400 461348207
567700561 425346811
8
376810129 797303938
119870165 299236297
909073666 135662364
900036318 399837181
167008489 611168315
578508513 982891515
695430954 183351927
749289721 708308887
6
740349329 706046984
292467249 470781959
951941826 554598821
327773429 586197431
390355944 762507818
490133927 199363902
4
990553384 448117731
56586976 777791954
5014264 151750014
670988419 223375709
5
776183029 443431693
20779913 660472409
538541626 669526329
176995106 396561123
808111768 690528190
9
920054836 923379880
581131324 712285991
451302155 243838532
891434980 648395680
10476619 417956305
270658580 144201113
511655575 246015897
508540713 616805970
416226385 750341391
8
756278002 497869235
325819179 879390352
377519153 755155186
465190595 223284621
386553865 151900019
272205547 28147134
552068389 296400214
102585165 461201509
7
80394653 701630495
789020412 543206587
974945253 156321837
600844803 930714338
359642344 357665845
691031065 521696123
789426069 208858146
5
900497098 768154933
302823989 105298439
566253755 328921649
15645680 613312381
450633911 843253536
8
823852600 881692178
653572198 125998490
862680958 695492482
757547609 331094136
386315545 301661573
661844340 847442004
355477424 345400385
559683352 628128682
9
926097566 180629128
390708199 494458576
905505104 329127322
57306211 874724459
443222196 125263135
601202759 671977707
740774152 317526386
427397845 893221150
797017222 263459560
3
930106879 879798972
52922322 651610991
357138945 219766480
3
131559165 314640928
669748317 231789767
661861201 344435381
9
677597926 196019696
84204567 262876702
686185206 826999499
553946433 361854293
876422786 962441074
388977693 531605440
404115306 817182237
274043477 899106085
179952329 911048520
10
39480807 836721498
51654428 632225657
762260284 417115714
273016571 684683293
316606086 482268692
635742777 850144414
613401362 124699257
140385107 392031025
545697437 580742954
375303457 877747602
7
404659851 989928926
573519309 714038698
418687084 445460199
985216918 140325646
502699762 209365529
554934876 432098604
171183810 494637804
4
358963059 29741179
213517151 329876751
38378724 987309314
813174454 998512610
3
216905128 112184796
459186097 867415580
775981315 171968561
9
674203924 155318202
422689212 917535760
974879569 299645143
586967215 378495511
845020358 914487653
153807416 985256086
449803019 693653691
927656589 423980638
257161928 430362746
9
922628895 39199923
391012399 832661953
772371652 896140710
66714744 683324429
191162491 108616809
786202511 344972643
630000432 744022040
76240957 3234177
404425250 412438116
6
120232640 574583640
633912416 805412970
892319853 803146729
511991495 241428853
740250375 117612546
640979507 473462246
6
237830584 366781066
483647015 293106254
16929817 518656907
375018169 284547598
735131051 35199295
945025530 707647492
2
851735684 187366582
829127477 680250302
4
217182095 320907661
909963748 750811322
190233756 455589337
743389986 858399035
3
24713056 55700745
352398771 922187482
480215444 912430092
4
586285204 304867094
758816078 233808953
357471462 426967878
584745597 242217251
6
264612260 852413601
782001207 289435098
778802297 462106239
811405224 65325980
47987878 41663062
680879354 466850912
4
629419729 657611297
28280006 468832857
451123957 669513737
718134254 760979773
5
319433570 866597385
259977043 996658464
5119859 726373595
929495747 604448944
909428044 363583876
10
502594497 383725482
612527211 683838075
97246481 701494967
272485564 874321018
620174025 38766042
840353719 358363658
387703245 265329813
396204716 550128700
724283874 604249921
368158730 324728263
3
481341371 286893126
764935339 886767815
273967084 672664988
8
297988014 636318556
972418270 713302507
607668171 190961512
246592984 722588559
95177965 609438798
692579630 204893999
662364292 537402190
939985279 8116125
5
795499383 56085225
924973667 772760951
606975550 668949923
443860646 279927682
953007985 472444466
6
596352754 991342664
355775419 32194094
685276012 825500912
686666837 616735947
536023024 610616948
265359090 134648386
6
94161464 852575682
828382539 704158571
806264467 733578252
515307599 248761405
383415482 963837506
883211485 801386870
8
24980312 128738375
536395035 699453869
332478623 758735159
78633086 769529372
471954011 771766487
601547172 129943992
491185962 647303526
378429946 706816433
3
391578379 388593657
576031556 79721102
516043475 475727263
10
555996824 894114129
462523294 202208054
943022321 931965790
182292665 679805352
313860185 778475657
633744838 189851548
552477171 488223538
17193945 743396238
815955347 492411516
791661984 659018589
8
395769487 96854470
256135786 662920091
71996074 48418732
799341556 711304497
13866564 237048113
725983678 353922043
227119221 309112511
857893209 324186969
8
116077541 502754625
144753452 414623746
368233274 535192759
836696965 856362884
850294970 815882347
73267867 141998314
214062862 619495508
785496978 444006032
10
531016645 546310226
610037442 267376824
482467847 981225913
161356989 154329749
247658840 422215385
145063929 887392207
752429743 843937093
849869022 152220008
164349496 677903408
529608044 83050883
3
484079545 441945279
495517692 909042656
172025304 453378472
4
799076421 148235624
896325268 649558407
216136998 726707636
67182077 968531496
10
419239359 169678094
745990549 736235563
821349085 19206095
540794838 236504253
589899730 272268322
782066542 851932796
713205765 551577460
208255180 219968333
642417000 398833460
164498810 537488574
5
771337841 265865305
509479097 975554483
287669376 146130416
266901156 571200340
858263832 712947963
11
907110811 47745776
773411938 156455047
99586740 614415332
621749954 226678672
755116709 475377955
634728844 943901443
231615741 461564865
566602342 55890729
409155723 881036476
227382478 712635926
992688760 998247539
7
337950787 64483154
804743143 878722285
707167712 742444825
563685501 870652448
671758425 395816039
230991018 421892464
363953290 536576631
4
67747210 548067737
189538797 365160225
452700837 406787605
612067303 682179798

